 TIME                     Farbe_links [C]Farbe_rechts [C]Tape_links [C] Tape_rechts [C]
====================================================================================================
 2018-07-27_17:14:57      20.7749        20.7347        20.892         20.8183        
 2018-07-27_17:15:07      20.7699        20.73          20.8871        20.8158        
 2018-07-27_17:15:17      20.77          20.7278        20.8912        20.8151        
 2018-07-27_17:15:27      20.7708        20.7305        20.892         20.8143        
 2018-07-27_17:15:37      20.7768        20.736         20.8965        20.8241        
 2018-07-27_17:15:47      20.7812        20.7396        20.9062        20.8288        
 2018-07-27_17:15:57      20.786         20.7444        20.9048        20.8321        
 2018-07-27_17:16:07      20.7885        20.7452        20.9038        20.8309        
 2018-07-27_17:16:17      20.7821        20.7397        20.9009        20.8294        
 2018-07-27_17:16:27      20.7784        20.7391        20.8986        20.8269        
 2018-07-27_17:16:37      20.7801        20.7363        20.8958        20.8258        
 2018-07-27_17:16:47      20.7795        20.7406        20.9002        20.8273        
 2018-07-27_17:16:57      20.7844        20.746         20.9041        20.8309        
 2018-07-27_17:17:07      20.7881        20.7474        20.9082        20.8337        
 2018-07-27_17:17:17      20.7885        20.748         20.9089        20.8329        
 2018-07-27_17:17:27      20.7861        20.747         20.9067        20.8311        
 2018-07-27_17:17:37      20.7826        20.7414        20.9056        20.8299        
 2018-07-27_17:17:47      20.7825        20.7403        20.9022        20.8278        
 2018-07-27_17:17:57      20.7789        20.7385        20.8985        20.8262        
 2018-07-27_17:18:07      20.782         20.7429        20.9027        20.8267        
 2018-07-27_17:18:17      20.7853        20.7454        20.9077        20.8339        
 2018-07-27_17:18:27      20.7909        20.753         20.9116        20.8383        
 2018-07-27_17:18:37      20.7955        20.7518        20.9135        20.8426        
 2018-07-27_17:18:47      20.7895        20.7542        20.9125        20.8364        
 2018-07-27_17:18:57      20.7863        20.7487        20.9031        20.8289        
 2018-07-27_17:19:07      20.776         20.7336        20.8966        20.8206        
 2018-07-27_17:19:17      20.7674        20.727         20.8868        20.8127        
 2018-07-27_17:19:27      20.7638        20.7229        20.8796        20.8126        
 2018-07-27_17:19:37      20.7602        20.7207        20.8793        20.8054        
 2018-07-27_17:19:47      20.7603        20.7198        20.8832        20.8064        
 2018-07-27_17:19:57      20.7644        20.7288        20.8906        20.8123        
 2018-07-27_17:20:07      20.7692        20.7349        20.8929        20.8212        
 2018-07-27_17:20:17      20.7791        20.7457        20.9026        20.8278        
 2018-07-27_17:20:27      20.7835        20.7453        20.9048        20.8313        
 2018-07-27_17:20:37      20.7804        20.743         20.8995        20.8297        
 2018-07-27_17:20:47      20.7767        20.7364        20.8992        20.8269        
 2018-07-27_17:20:57      20.778         20.7394        20.8977        20.8263        
 2018-07-27_17:21:07      20.7793        20.7388        20.8987        20.8245        
 2018-07-27_17:21:17      20.7827        20.7424        20.9013        20.8293        
 2018-07-27_17:21:27      20.7894        20.7459        20.9122        20.8383        
 2018-07-27_17:21:37      20.796         20.7534        20.9195        20.8437        
 2018-07-27_17:21:47      20.8003        20.7575        20.9225        20.8469        
 2018-07-27_17:21:57      20.8032        20.7585        20.9227        20.848         
 2018-07-27_17:22:07      20.8016        20.7606        20.9198        20.8451        
 2018-07-27_17:22:17      20.8008        20.7586        20.9212        20.8456        
 2018-07-27_17:22:27      20.8017        20.7575        20.9198        20.8477        
 2018-07-27_17:22:37      20.8048        20.7602        20.9237        20.8454        
 2018-07-27_17:22:47      20.8096        20.7639        20.9309        20.8489        
 2018-07-27_17:22:57      20.8121        20.7727        20.9357        20.8618        
 2018-07-27_17:23:07      20.8192        20.7785        20.9439        20.8679        
 2018-07-27_17:23:17      20.8235        20.7801        20.9445        20.8697        
 2018-07-27_17:23:27      20.8209        20.7837        20.9431        20.8683        
 2018-07-27_17:23:37      20.8214        20.7785        20.9406        20.8658        
 2018-07-27_17:23:47      20.8209        20.7754        20.9407        20.864         
 2018-07-27_17:23:57      20.8177        20.7735        20.9363        20.8635        
 2018-07-27_17:24:07      20.819         20.7753        20.9408        20.8629        
 2018-07-27_17:24:17      20.8217        20.7782        20.944         20.8667        
 2018-07-27_17:24:27      20.8255        20.7852        20.9479        20.8727        
 2018-07-27_17:24:37      20.8212        20.7838        20.9438        20.8722        
 2018-07-27_17:24:47      20.82          20.7792        20.9391        20.8645        
 2018-07-27_17:24:57      20.8141        20.7709        20.9304        20.8566        
 2018-07-27_17:25:07      20.8047        20.7598        20.9204        20.8479        
 2018-07-27_17:25:17      20.7963        20.7525        20.9171        20.8435        
 2018-07-27_17:25:27      20.7925        20.7517        20.9123        20.8387        
 2018-07-27_17:25:37      20.7921        20.7522        20.9158        20.8393        
 2018-07-27_17:25:47      20.7992        20.7578        20.9173        20.8444        
 2018-07-27_17:25:57      20.8015        20.7632        20.9243        20.8488        
 2018-07-27_17:26:07      20.8052        20.7692        20.9269        20.856         
 2018-07-27_17:26:17      20.8082        20.7671        20.928         20.854         
 2018-07-27_17:26:27      20.7986        20.7599        20.9181        20.8438        
 2018-07-27_17:26:37      20.7894        20.7489        20.9071        20.8362        
 2018-07-27_17:26:47      20.7843        20.7448        20.9064        20.8293        
 2018-07-27_17:26:57      20.78          20.7354        20.9001        20.8248        
 2018-07-27_17:27:07      20.7777        20.7331        20.8978        20.8215        
 2018-07-27_17:27:17      20.7776        20.7351        20.9008        20.8241        
 2018-07-27_17:27:27      20.784         20.7393        20.9049        20.8265        
 2018-07-27_17:27:37      20.7885        20.7449        20.9104        20.8356        
 2018-07-27_17:27:47      20.7953        20.7547        20.9184        20.842         
 2018-07-27_17:27:57      20.8029        20.7635        20.9273        20.8527        
 2018-07-27_17:28:07      20.8103        20.7652        20.9263        20.8534        
 2018-07-27_17:28:17      20.8033        20.7623        20.9203        20.8496        
 2018-07-27_17:28:27      20.7994        20.7593        20.9164        20.8427        
 2018-07-27_17:28:37      20.7945        20.7517        20.9144        20.8376        
 2018-07-27_17:28:47      20.7899        20.7498        20.9119        20.8385        
 2018-07-27_17:28:57      20.7873        20.7453        20.9066        20.8348        
 2018-07-27_17:29:07      20.7908        20.7472        20.9097        20.838         
 2018-07-27_17:29:17      20.7963        20.7544        20.9181        20.8428        
 2018-07-27_17:29:27      20.8006        20.7625        20.9213        20.8488        
 2018-07-27_17:29:37      20.8069        20.7677        20.9297        20.8528        
 2018-07-27_17:29:47      20.8094        20.7669        20.9293        20.853         
 2018-07-27_17:29:57      20.8077        20.7682        20.9283        20.8534        
 2018-07-27_17:30:07      20.8053        20.7605        20.9266        20.8505        
 2018-07-27_17:30:17      20.8008        20.7578        20.9215        20.8462        
 2018-07-27_17:30:27      20.799         20.7587        20.9225        20.8484        
 2018-07-27_17:30:37      20.8035        20.7621        20.9246        20.8504        
 2018-07-27_17:30:47      20.81          20.7641        20.9307        20.8554        
 2018-07-27_17:30:57      20.8056        20.7679        20.9302        20.8578        
 2018-07-27_17:31:07      20.8107        20.7688        20.9288        20.8555        
 2018-07-27_17:31:17      20.8064        20.7662        20.9258        20.8524        
 2018-07-27_17:31:27      20.8028        20.7623        20.9241        20.8504        
 2018-07-27_17:31:37      20.7975        20.7576        20.9187        20.8446        
 2018-07-27_17:31:47      20.7981        20.7575        20.9199        20.8469        
 2018-07-27_17:31:57      20.8026        20.7577        20.9212        20.847         
 2018-07-27_17:32:07      20.6939        20.5053        20.5306        20.3881        
 2018-07-27_17:32:17      19.1247        18.8974        18.9502        18.7953        
 2018-07-27_17:32:27      17.6863        17.4706        17.5617        17.4029        
 2018-07-27_17:32:37      16.4749        16.2917        16.3928        16.2449        
 2018-07-27_17:32:47      15.4744        15.3171        15.4287        15.2899        
 2018-07-27_17:32:57      14.5628        14.3869        14.4588        14.311         
 2018-07-27_17:33:07      12.7758        12.4608        12.4318        12.2235        
 2018-07-27_17:33:17      10.0033        9.6288         9.612          9.3857         
 2018-07-27_17:33:27      7.4832         7.162          7.1909         6.9701         
 2018-07-27_17:33:37      5.4222         5.1574         5.1459         4.9517         
 2018-07-27_17:33:47      3.7327         3.5335         3.5813         3.4124         
 2018-07-27_17:33:57      2.3526         2.2032         2.2576         2.106          
 2018-07-27_17:34:07      1.2385         1.1174         1.1764         1.0464         
 2018-07-27_17:34:17      0.3059         0.2245         0.2825         0.1807         
 2018-07-27_17:34:27      -0.4639        -0.5184        -0.4505        -0.5699        
 2018-07-27_17:34:37      -1.0818        -1.1261        -1.0525        -1.1581        
 2018-07-27_17:34:47      -1.6033        -1.6281        -1.553         -1.6502        
 2018-07-27_17:34:57      -2.0409        -2.0607        -1.9711        -2.0721        
 2018-07-27_17:35:07      -2.4101        -2.42          -2.3209        -2.4189        
 2018-07-27_17:35:17      -2.7203        -2.7214        -2.6241        -2.7046        
 2018-07-27_17:35:27      -2.9861        -2.9625        -2.8801        -2.9488        
 2018-07-27_17:35:37      -3.1944        -3.1742        -3.0861        -3.154         
 2018-07-27_17:35:47      -3.3798        -3.3455        -3.2654        -3.3218        
 2018-07-27_17:35:57      -3.5332        -3.508         -3.4168        -3.4721        
 2018-07-27_17:36:07      -3.6808        -3.6423        -3.545         -3.6095        
 2018-07-27_17:36:17      -3.804         -3.7525        -3.6682        -3.7197        
 2018-07-27_17:36:27      -3.8971        -3.8521        -3.7621        -3.8155        
 2018-07-27_17:36:37      -3.989         -3.9413        -3.8456        -3.9032        
 2018-07-27_17:36:47      -4.0688        -4.0085        -3.9146        -3.9707        
 2018-07-27_17:36:57      -4.1245        -4.071         -3.9665        -4.0367        
 2018-07-27_17:37:07      -4.1779        -4.1264        -4.0234        -4.0821        
 2018-07-27_17:37:17      -4.2217        -4.1733        -4.0565        -4.1367        
 2018-07-27_17:37:27      -4.2664        -4.2171        -4.1           -4.1763        
 2018-07-27_17:37:37      -4.3076        -4.258         -4.147         -4.2271        
 2018-07-27_17:37:47      -4.3457        -4.3083        -4.1752        -4.2683        
 2018-07-27_17:37:57      -4.3636        -4.327         -4.2053        -4.2892        
 2018-07-27_17:38:07      -4.3896        -4.3564        -4.2229        -4.3098        
 2018-07-27_17:38:17      -4.4075        -4.3694        -4.2393        -4.3182        
 2018-07-27_17:38:27      -4.4212        -4.3804        -4.2542        -4.335         
 2018-07-27_17:38:37      -4.4281        -4.3938        -4.2587        -4.3392        
 2018-07-27_17:38:47      -4.443         -4.3907        -4.2812        -4.3472        
 2018-07-27_17:38:57      -4.4548        -4.4071        -4.2892        -4.3564        
 2018-07-27_17:39:07      -4.4662        -4.414         -4.2938        -4.3755        
 2018-07-27_17:39:17      -4.4785        -4.4228        -4.3102        -4.3816        
 2018-07-27_17:39:27      -4.4823        -4.4277        -4.3171        -4.3835        
 2018-07-27_17:39:37      -4.4865        -4.4399        -4.3106        -4.3869        
 2018-07-27_17:39:47      -4.4838        -4.4388        -4.3205        -4.3915        
 2018-07-27_17:39:57      -4.491         -4.4365        -4.3217        -4.4006        
 2018-07-27_17:40:07      -4.4846        -4.4361        -4.3171        -4.3983        
 2018-07-27_17:40:17      -4.4785        -4.4388        -4.3041        -4.3991        
 2018-07-27_17:40:27      -4.4685        -4.4323        -4.306         -4.3861        
 2018-07-27_17:40:37      -4.4743        -4.4357        -4.3053        -4.3896        
 2018-07-27_17:40:47      -4.4884        -4.4434        -4.3083        -4.4006        
 2018-07-27_17:40:57      -4.4868        -4.4495        -4.3087        -4.4003        
 2018-07-27_17:41:07      -4.4968        -4.4582        -4.3373        -4.4125        
 2018-07-27_17:41:17      -4.5074        -4.4552        -4.3442        -4.414         
 2018-07-27_17:41:27      -4.5067        -4.4518        -4.3312        -4.4064        
 2018-07-27_17:41:37      -4.5052        -4.4559        -4.3404        -4.4029        
 2018-07-27_17:41:47      -4.5074        -4.4529        -4.3411        -4.4014        
 2018-07-27_17:41:57      -4.5143        -4.4529        -4.3427        -4.4109        
 2018-07-27_17:42:07      -4.5124        -4.451         -4.3488        -4.4064        
 2018-07-27_17:42:17      -4.5139        -4.4544        -4.3327        -4.4086        
 2018-07-27_17:42:27      -4.5128        -4.4479        -4.3365        -4.4044        
 2018-07-27_17:42:37      -4.5139        -4.4563        -4.3427        -4.3968        
 2018-07-27_17:42:47      -4.512         -4.4506        -4.3541        -4.3922        
 2018-07-27_17:42:57      -4.5212        -4.4506        -4.3556        -4.4083        
 2018-07-27_17:43:07      -4.5261        -4.467         -4.356         -4.4144        
 2018-07-27_17:43:17      -4.5311        -4.4662        -4.3655        -4.417         
 2018-07-27_17:43:27      -4.5303        -4.4754        -4.3762        -4.4216        
 2018-07-27_17:43:37      -4.5292        -4.4765        -4.3545        -4.425         
 2018-07-27_17:43:47      -4.5208        -4.4792        -4.3488        -4.4201        
 2018-07-27_17:43:57      -4.5227        -4.4632        -4.3465        -4.4235        
 2018-07-27_17:44:07      -4.525         -4.4701        -4.348         -4.43          
 2018-07-27_17:44:17      -4.5338        -4.4785        -4.3549        -4.4395        
 2018-07-27_17:44:27      -4.5322        -4.4872        -4.3671        -4.4346        
 2018-07-27_17:44:37      -4.5399        -4.4872        -4.3594        -4.4445        
 2018-07-27_17:44:47      -4.5403        -4.5013        -4.3762        -4.4579        
 2018-07-27_17:44:57      -4.5456        -4.4968        -4.3709        -4.4537        
 2018-07-27_17:45:07      -4.541         -4.5036        -4.3644        -4.4579        
 2018-07-27_17:45:17      -4.5441        -4.5074        -4.3774        -4.451         
 2018-07-27_17:45:27      -4.5441        -4.5067        -4.3747        -4.4514        
 2018-07-27_17:45:37      -4.5525        -4.496         -4.3785        -4.4426        
 2018-07-27_17:45:47      -4.5441        -4.491         -4.3736        -4.4392        
 2018-07-27_17:45:57      -4.5456        -4.4907        -4.3671        -4.4437        
 2018-07-27_17:46:07      -4.5479        -4.4914        -4.3823        -4.4472        
 2018-07-27_17:46:17      -4.5528        -4.5074        -4.3877        -4.4556        
 2018-07-27_17:46:27      -4.5547        -4.5006        -4.388         -4.4472        
 2018-07-27_17:46:37      -4.5532        -4.493         -4.3823        -4.4472        
 2018-07-27_17:46:47      -4.5456        -4.4926        -4.38          -4.438         
 2018-07-27_17:46:57      -4.5467        -4.4853        -4.3697        -4.4411        
 2018-07-27_17:47:07      -4.5433        -4.4914        -4.3751        -4.4369        
 2018-07-27_17:47:17      -4.5429        -4.5006        -4.3762        -4.4472        
 2018-07-27_17:47:27      -4.5559        -4.5055        -4.3915        -4.4544        
 2018-07-27_17:47:37      -4.5673        -4.512         -4.393         -4.4651        
 2018-07-27_17:47:47      -4.5692        -4.5143        -4.3945        -4.4662        
 2018-07-27_17:47:57      -4.5582        -4.5128        -4.3842        -4.4609        
 2018-07-27_17:48:07      -4.5605        -4.5002        -4.3945        -4.4468        
 2018-07-27_17:48:17      -4.5471        -4.4949        -4.3736        -4.4468        
 2018-07-27_17:48:27      -4.5418        -4.4888        -4.3682        -4.4426        
 2018-07-27_17:48:37      -4.5395        -4.4945        -4.3503        -4.4487        
 2018-07-27_17:48:47      -4.541         -4.4983        -4.3739        -4.4556        
 2018-07-27_17:48:57      -4.5517        -4.5059        -4.3762        -4.4575        
 2018-07-27_17:49:07      -4.5486        -4.4971        -4.3686        -4.4449        
 2018-07-27_17:49:17      -4.5441        -4.5013        -4.3678        -4.4529        
 2018-07-27_17:49:27      -4.5361        -4.5013        -4.3587        -4.4498        
 2018-07-27_17:49:37      -4.5319        -4.4945        -4.3648        -4.4441        
 2018-07-27_17:49:47      -4.5349        -4.4827        -4.3724        -4.4479        
 2018-07-27_17:49:57      -4.5464        -4.4872        -4.377         -4.4521        
 2018-07-27_17:50:07      -4.5486        -4.5109        -4.3808        -4.4548        
 2018-07-27_17:50:17      -4.5418        -4.5116        -4.3774        -4.4518        
 2018-07-27_17:50:27      -4.5502        -4.5074        -4.372         -4.4556        
 2018-07-27_17:50:37      -4.5536        -4.5006        -4.3831        -4.4636        
 2018-07-27_17:50:47      -4.5589        -4.5044        -4.3846        -4.4582        
 2018-07-27_17:50:57      -4.5601        -4.5139        -4.3839        -4.4762        
 2018-07-27_17:51:07      -4.5551        -4.5128        -4.3922        -4.4693        
 2018-07-27_17:51:17      -4.554         -4.5185        -4.3816        -4.4701        
 2018-07-27_17:51:27      -4.5479        -4.5052        -4.3842        -4.4655        
 2018-07-27_17:51:37      -4.5544        -4.5055        -4.3678        -4.4643        
 2018-07-27_17:51:47      -4.5601        -4.5048        -4.3877        -4.4601        
 2018-07-27_17:51:57      -4.5677        -4.5097        -4.3919        -4.4662        
 2018-07-27_17:52:07      -4.5742        -4.5147        -4.4037        -4.4716        
 2018-07-27_17:52:17      -4.5761        -4.5155        -4.4151        -4.4739        
 2018-07-27_17:52:27      -4.5753        -4.5189        -4.3968        -4.4701        
 2018-07-27_17:52:37      -4.567         -4.5101        -4.4018        -4.4651        
 2018-07-27_17:52:47      -4.5662        -4.5151        -4.3922        -4.4617        
 2018-07-27_17:52:57      -4.5708        -4.5105        -4.3922        -4.4617        
 2018-07-27_17:53:07      -4.5673        -4.5193        -4.3903        -4.4746        
 2018-07-27_17:53:17      -4.5563        -4.525         -4.38          -4.4682        
 2018-07-27_17:53:27      -4.5582        -4.5162        -4.3919        -4.4609        
 2018-07-27_17:53:37      -4.549         -4.5044        -4.3839        -4.4479        
 2018-07-27_17:53:47      -4.5425        -4.5002        -4.3774        -4.451         
 2018-07-27_17:53:57      -4.5494        -4.5067        -4.377         -4.4586        
 2018-07-27_17:54:07      -4.5525        -4.5029        -4.3789        -4.4613        
 2018-07-27_17:54:17      -4.546         -4.4968        -4.3766        -4.4514        
 2018-07-27_17:54:27      -4.5418        -4.4949        -4.3564        -4.4422        
 2018-07-27_17:54:37      -4.5334        -4.4968        -4.3598        -4.443         
 2018-07-27_17:54:47      -4.5315        -4.4907        -4.3663        -4.4373        
 2018-07-27_17:54:57      -4.5399        -4.491         -4.3686        -4.4537        
 2018-07-27_17:55:07      -4.5403        -4.4991        -4.3747        -4.4472        
 2018-07-27_17:55:17      -4.5422        -4.4991        -4.3797        -4.4472        
 2018-07-27_17:55:27      -4.5418        -4.4968        -4.3793        -4.4495        
 2018-07-27_17:55:37      -4.5471        -4.4926        -4.3804        -4.4395        
 2018-07-27_17:55:47      -4.5486        -4.4891        -4.3842        -4.4483        
 2018-07-27_17:55:57      -4.5429        -4.4903        -4.3655        -4.4491        
 2018-07-27_17:56:07      -4.5448        -4.4952        -4.3747        -4.4479        
 2018-07-27_17:56:17      -4.5403        -4.496         -4.3739        -4.4426        
 2018-07-27_17:56:27      -4.5376        -4.4849        -4.3663        -4.4434        
 2018-07-27_17:56:37      -4.5296        -4.4891        -4.356         -4.4384        
 2018-07-27_17:56:47      -4.5166        -4.4823        -4.343         -4.4338        
 2018-07-27_17:56:57      -4.5185        -4.4876        -4.3457        -4.4411        
 2018-07-27_17:57:07      -4.5174        -4.4853        -4.3518        -4.4415        
 2018-07-27_17:57:17      -4.53          -4.4891        -4.3537        -4.4449        
 2018-07-27_17:57:27      -4.5273        -4.4888        -4.3598        -4.4441        
 2018-07-27_17:57:37      -4.5319        -4.4922        -4.3633        -4.4464        
 2018-07-27_17:57:47      -4.5292        -4.488         -4.361         -4.4426        
 2018-07-27_17:57:57      -4.528         -4.4888        -4.3591        -4.4373        
 2018-07-27_17:58:07      -4.5273        -4.4807        -4.3556        -4.4361        
 2018-07-27_17:58:17      -4.5235        -4.4739        -4.3598        -4.4285        
 2018-07-27_17:58:27      -4.528         -4.4815        -4.3667        -4.4243        
 2018-07-27_17:58:37      -4.5372        -4.4937        -4.3617        -4.4411        
 2018-07-27_17:58:47      -4.5322        -4.4853        -4.3549        -4.443         
 2018-07-27_17:58:57      -4.5395        -4.5044        -4.3598        -4.4567        
 2018-07-27_17:59:07      -4.5326        -4.4998        -4.3594        -4.4533        
 2018-07-27_17:59:17      -4.5311        -4.4937        -4.3533        -4.4464        
 2018-07-27_17:59:27      -4.5223        -4.4899        -4.3537        -4.4373        
 2018-07-27_17:59:37      -4.5288        -4.4861        -4.3583        -4.4403        
 2018-07-27_17:59:47      -4.5353        -4.4945        -4.3678        -4.4464        
 2018-07-27_17:59:57      -4.5391        -4.4991        -4.3777        -4.4422        
 2018-07-27_18:00:07      -4.5425        -4.4998        -4.3758        -4.4552        
 2018-07-27_18:00:17      -4.5376        -4.5078        -4.3724        -4.4537        
 2018-07-27_18:00:27      -4.5433        -4.5097        -4.3736        -4.4567        
 2018-07-27_18:00:37      -4.549         -4.5013        -4.3728        -4.4563        
 2018-07-27_18:00:47      -4.5433        -4.496         -4.3739        -4.4399        
 2018-07-27_18:00:57      -4.5456        -4.4922        -4.3716        -4.4395        
 2018-07-27_18:01:07      -4.5467        -4.4956        -4.3777        -4.4525        
 2018-07-27_18:01:17      -4.5593        -4.5059        -4.3854        -4.4624        
 2018-07-27_18:01:27      -4.5662        -4.5181        -4.3953        -4.4689        
 2018-07-27_18:01:37      -4.5742        -4.528         -4.3957        -4.488         
 2018-07-27_18:01:47      -4.5738        -4.5235        -4.4086        -4.48          
 2018-07-27_18:01:57      -4.586         -4.5265        -4.4113        -4.488         
 2018-07-27_18:02:07      -4.5784        -4.5273        -4.4056        -4.4838        
 2018-07-27_18:02:17      -4.5712        -4.5334        -4.3873        -4.4762        
 2018-07-27_18:02:27      -4.5559        -4.525         -4.3793        -4.4785        
 2018-07-27_18:02:37      -4.5609        -4.5242        -4.3839        -4.48          
 2018-07-27_18:02:47      -4.567         -4.5189        -4.4044        -4.4758        
 2018-07-27_18:02:57      -4.5715        -4.5105        -4.4029        -4.4643        
 2018-07-27_18:03:07      -4.5746        -4.5189        -4.3983        -4.4754        
 2018-07-27_18:03:17      -4.5681        -4.5273        -4.4003        -4.472         
 2018-07-27_18:03:27      -4.5628        -4.5189        -4.3907        -4.4685        
 2018-07-27_18:03:37      -4.5605        -4.528         -4.3846        -4.4765        
 2018-07-27_18:03:47      -4.565         -4.5219        -4.3941        -4.4792        
 2018-07-27_18:03:57      -4.5696        -4.5376        -4.3968        -4.4788        
 2018-07-27_18:04:07      -4.5731        -4.541         -4.3949        -4.4819        
 2018-07-27_18:04:17      -4.5738        -4.5433        -4.4006        -4.4807        
 2018-07-27_18:04:27      -4.5753        -4.5418        -4.4029        -4.483         
 2018-07-27_18:04:37      -4.5769        -4.5288        -4.4086        -4.4868        
 2018-07-27_18:04:47      -4.5708        -4.5303        -4.4033        -4.4819        
 2018-07-27_18:04:57      -4.567         -4.5189        -4.3961        -4.4792        
 2018-07-27_18:05:07      -4.5628        -4.5231        -4.3922        -4.4846        
 2018-07-27_18:05:17      -4.5696        -4.5235        -4.398         -4.4701        
 2018-07-27_18:05:27      -4.8279        -4.9034        -4.8763        -5.032         
 2018-07-27_18:05:37      -6.4693        -6.6864        -6.6673        -6.8611        
 2018-07-27_18:05:47      -8.0666        -8.2314        -8.1764        -8.3599        
 2018-07-27_18:05:57      -9.2918        -9.4284        -9.3376        -9.5253        
 2018-07-27_18:06:07      -10.2394       -10.3287       -10.2417       -10.4042       
 2018-07-27_18:06:17      -10.9791       -11.0344       -10.952        -11.0794       
 2018-07-27_18:06:27      -11.5463       -11.5658       -11.4922       -11.6081       
 2018-07-27_18:06:37      -11.9949       -11.9953       -11.903        -12.0186       
 2018-07-27_18:06:47      -12.3566       -12.3253       -12.2536       -12.3405       
 2018-07-27_18:06:57      -12.6297       -12.5954       -12.516        -12.598        
 2018-07-27_18:07:07      -12.8479       -12.7914       -12.719        -12.7937       
 2018-07-27_18:07:17      -13.0287       -12.9608       -12.8952       -12.9627       
 2018-07-27_18:07:27      -13.1844       -13.1039       -13.0371       -13.0936       
 2018-07-27_18:07:37      -13.2961       -13.2191       -13.1416       -13.1989       
 2018-07-27_18:07:47      -13.3888       -13.3133       -13.2339       -13.2931       
 2018-07-27_18:07:57      -13.4647       -13.3774       -13.3022       -13.3514       
 2018-07-27_18:08:07      -13.5319       -13.4426       -13.3675       -13.419        
 2018-07-27_18:08:17      -13.5845       -13.4987       -13.4254       -13.48         
 2018-07-27_18:08:27      -13.6341       -13.5418       -13.4651       -13.5223       
 2018-07-27_18:08:37      -13.6734       -13.5777       -13.4964       -13.559        
 2018-07-27_18:08:47      -13.7066       -13.6158       -13.5353       -13.5902       
 2018-07-27_18:08:57      -13.7249       -13.6444       -13.5555       -13.6276       
 2018-07-27_18:09:07      -13.7501       -13.67         -13.5841       -13.652        
 2018-07-27_18:09:17      -13.7772       -13.6917       -13.6074       -13.6757       
 2018-07-27_18:09:27      -13.7802       -13.7123       -13.6093       -13.6898       
 2018-07-27_18:09:37      -13.8008       -13.7291       -13.6284       -13.7032       
 2018-07-27_18:09:47      -13.8187       -13.7424       -13.6566       -13.723        
 2018-07-27_18:09:57      -13.8416       -13.7482       -13.6642       -13.7306       
 2018-07-27_18:10:07      -13.8618       -13.7592       -13.6845       -13.7516       
 2018-07-27_18:10:17      -13.8771       -13.7779       -13.7165       -13.7623       
 2018-07-27_18:10:27      -13.8855       -13.7901       -13.7192       -13.7634       
 2018-07-27_18:10:37      -13.887        -13.7905       -13.7165       -13.7665       
 2018-07-27_18:10:47      -13.8874       -13.7993       -13.7093       -13.7711       
 2018-07-27_18:10:57      -13.9          -13.797        -13.7306       -13.7768       
 2018-07-27_18:11:07      -13.9111       -13.7978       -13.7325       -13.7836       
 2018-07-27_18:11:17      -13.9034       -13.8042       -13.7245       -13.7886       
 2018-07-27_18:11:27      -13.9069       -13.8084       -13.7333       -13.7836       
 2018-07-27_18:11:37      -13.9118       -13.8165       -13.7314       -13.8016       
 2018-07-27_18:11:47      -13.905        -13.8199       -13.739        -13.7932       
 2018-07-27_18:11:57      -13.9145       -13.8153       -13.7398       -13.7871       
 2018-07-27_18:12:07      -13.9206       -13.8226       -13.7459       -13.8054       
 2018-07-27_18:12:17      -13.9244       -13.8214       -13.7386       -13.7936       
 2018-07-27_18:12:27      -13.9053       -13.8245       -13.7352       -13.7974       
 2018-07-27_18:12:37      -13.9107       -13.8123       -13.7444       -13.7966       
 2018-07-27_18:12:47      -13.9156       -13.8203       -13.7466       -13.7867       
 2018-07-27_18:12:57      -13.9214       -13.8165       -13.7585       -13.8092       
 2018-07-27_18:13:07      -13.913        -13.8123       -13.7432       -13.8035       
 2018-07-27_18:13:17      -13.9149       -13.8195       -13.7367       -13.8023       
 2018-07-27_18:13:27      -13.9183       -13.8214       -13.7512       -13.8          
 2018-07-27_18:13:37      -13.9126       -13.829        -13.7363       -13.7985       
 2018-07-27_18:13:47      -13.9042       -13.826        -13.728        -13.7989       
 2018-07-27_18:13:57      -13.903        -13.8039       -13.7283       -13.789        
 2018-07-27_18:14:07      -13.9057       -13.7928       -13.7344       -13.7825       
 2018-07-27_18:14:17      -13.8958       -13.7901       -13.7199       -13.7657       
 2018-07-27_18:14:27      -13.9954       -13.9366       -13.8962       -13.9729       
 2018-07-27_18:14:37      -14.5203       -14.5218       -14.4577       -14.5668       
 2018-07-27_18:14:47      -15.0208       -15.0063       -14.9288       -15.0253       
 2018-07-27_18:14:57      -15.4053       -15.3587       -15.3019       -15.3862       
 2018-07-27_18:15:07      -15.6876       -15.6311       -15.5666       -15.6403       
 2018-07-27_18:15:17      -15.181        -14.447        -13.8004       -13.562        
 2018-07-27_18:15:27      -9.3536        -8.4908        -8.0238        -7.7595        
 2018-07-27_18:15:37      -4.2458        -3.4718        -3.1395        -2.8698        
 2018-07-27_18:15:47      -0.0782        0.5685         0.824          1.0315         
 2018-07-27_18:15:57      3.2927         3.8064         4.0383         4.2076         
 2018-07-27_18:16:07      6.0423         6.4598         6.6773         6.8036         
 2018-07-27_18:16:17      8.3023         8.6358         8.8556         8.935          
 2018-07-27_18:16:27      10.1728        10.4356        10.6567        10.7033        
 2018-07-27_18:16:37      11.715         11.6258        11.3332        11.0659        
 2018-07-27_18:16:47      7.1172         6.5003         6.2614         5.9483         
 2018-07-27_18:16:57      2.1443         1.5287         1.4453         1.0772         
 2018-07-27_18:17:07      -1.8951        -2.4414        -2.4437        -2.8206        
 2018-07-27_18:17:17      -5.0449        -5.4958        -5.4649        -5.7884        
 2018-07-27_18:17:27      -7.489         -7.8274        -7.7801        -8.0589        
 2018-07-27_18:17:37      -9.4044        -9.6825        -9.6344        -9.8671        
 2018-07-27_18:17:47      -10.8925       -11.0542       -11.0203       -11.1893       
 2018-07-27_18:17:57      -12.0613       -12.159        -12.1338       -12.2692       
 2018-07-27_18:18:07      -12.9944       -13.0531       -13.0165       -13.1313       
 2018-07-27_18:18:17      -13.7436       -13.752        -13.7302       -13.8226       
 2018-07-27_18:18:27      -14.3215       -14.3188       -14.2902       -14.3623       
 2018-07-27_18:18:37      -14.801        -14.7594       -14.7385       -14.7964       
 2018-07-27_18:18:47      -15.1836       -15.1249       -15.0967       -15.1516       
 2018-07-27_18:18:57      -15.4991       -15.4175       -15.4026       -15.4411       
 2018-07-27_18:19:07      -15.7558       -15.6662       -15.6448       -15.6773       
 2018-07-27_18:19:17      -15.9611       -15.8646       -15.8493       -15.8737       
 2018-07-27_18:19:27      -16.1369       -16.0229       -16.0263       -16.04         
 2018-07-27_18:19:37      -16.2853       -16.1781       -16.1518       -16.185        
 2018-07-27_18:19:47      -16.4093       -16.3025       -16.2693       -16.3033       
 2018-07-27_18:19:57      -16.5184       -16.3872       -16.3734       -16.3971       
 2018-07-27_18:20:07      -16.6039       -16.4646       -16.4474       -16.4616       
 2018-07-27_18:20:17      -16.6595       -16.5306       -16.5062       -16.5272       
 2018-07-27_18:20:27      -16.7145       -16.5833       -16.5657       -16.576        
 2018-07-27_18:20:37      -16.7625       -16.6222       -16.5955       -16.6405       
 2018-07-27_18:20:47      -16.8037       -16.6718       -16.6512       -16.6733       
 2018-07-27_18:20:57      -16.8343       -16.7049       -16.671        -16.6931       
 2018-07-27_18:21:07      -16.8472       -16.7301       -16.6855       -16.7263       
 2018-07-27_18:21:17      -16.8701       -16.7519       -16.7206       -16.7381       
 2018-07-27_18:21:27      -16.8968       -16.7686       -16.7488       -16.7599       
 2018-07-27_18:21:37      -16.9235       -16.7835       -16.7534       -16.7786       
 2018-07-27_18:21:47      -16.9201       -16.7969       -16.7725       -16.7862       
 2018-07-27_18:21:57      -16.9468       -16.8091       -16.7793       -16.8053       
 2018-07-27_18:22:07      -16.9373       -16.8114       -16.7744       -16.814        
 2018-07-27_18:22:17      -16.9445       -16.8289       -16.7847       -16.8297       
 2018-07-27_18:22:27      -16.9521       -16.8369       -16.8034       -16.8545       
 2018-07-27_18:22:37      -17.3317       -17.2646       -17.2501       -17.321        
 2018-07-27_18:22:47      -17.6914       -17.6155       -17.4587       -17.2729       
 2018-07-27_18:22:57      -17.3843       -17.2928       -17.2955       -17.3515       
 2018-07-27_18:23:07      -17.6979       -17.6037       -17.5869       -17.6376       
 2018-07-27_18:23:17      -13.5307       -12.5671       -12.0167       -11.7188       
 2018-07-27_18:23:27      -12.1254       -12.2215       -12.4664       -12.4039       
 2018-07-27_18:23:37      -8.3416        -7.5066        -7.0354        -6.7673        
 2018-07-27_18:23:47      -4.1763        -4.2713        -4.7028        -4.805         
 2018-07-27_18:23:57      -7.6897        -8.0124        -8.2466        -8.4244        
 2018-07-27_18:24:07      -10.7731       -11.0725       -11.1504       -11.3701       
 2018-07-27_18:24:17      -13.118        -13.3751       -13.3736       -13.5883       
 2018-07-27_18:24:27      -14.3959       -13.7863       -13.0791       -12.8761       
 2018-07-27_18:24:37      -12.133        -12.2711       -12.4237       -12.5332       
 2018-07-27_18:24:47      -13.9488       -14.0697       -13.5567       -13.2362       
 2018-07-27_18:24:57      -8.9005        -8.0254        -7.5478        -7.2731        
 2018-07-27_18:25:07      -9.0431        -9.1759        -9.4105        -9.4765        
 2018-07-27_18:25:17      -11.1996       -11.3331       -11.4548       -11.562        
 2018-07-27_18:25:27      -12.9719       -13.0898       -13.139        -13.2565       
 2018-07-27_18:25:37      -14.3425       -14.4257       -14.4157       -14.563        
 2018-07-27_18:25:47      -15.3912       -15.4335       -15.4373       -15.5323       
 2018-07-27_18:25:57      -16.2041       -16.1945       -16.2189       -16.2838       
 2018-07-27_18:26:07      -16.827        -16.7885       -16.7992       -16.8526       
 2018-07-27_18:26:17      -17.3279       -17.2501       -17.2539       -17.3134       
 2018-07-27_18:26:27      -17.7139       -17.6277       -17.6296       -17.6613       
 2018-07-27_18:26:37      -18.0176       -17.9008       -17.9234       -17.9466       
 2018-07-27_18:26:47      -18.2472       -18.1431       -18.1473       -18.1644       
 2018-07-27_18:26:57      -18.4452       -18.3319       -18.3323       -18.3594       
 2018-07-27_18:27:07      -18.6028       -18.4757       -18.4925       -18.5005       
 2018-07-27_18:27:17      -18.7347       -18.6035       -18.6096       -18.6272       
 2018-07-27_18:27:27      -18.8316       -18.6829       -18.6958       -18.6928       
 2018-07-27_18:27:37      -18.911        -18.7519       -18.779        -18.7599       
 2018-07-27_18:27:47      -18.9491       -18.8133       -18.8229       -18.8103       
 2018-07-27_18:27:57      -19.0094       -18.8656       -18.8591       -18.8686       
 2018-07-27_18:28:07      -19.0498       -18.9079       -18.9217       -18.9163       
 2018-07-27_18:28:17      -19.0975       -18.9369       -18.9514       -18.9434       
 2018-07-27_18:28:27      -19.12         -18.9651       -18.9812       -18.9625       
 2018-07-27_18:28:37      -19.1395       -18.9957       -18.9873       -18.9926       
 2018-07-27_18:28:47      -19.1509       -19.0041       -19.0056       -19.0018       
 2018-07-27_18:28:57      -19.1711       -19.0098       -19.0224       -19.0163       
 2018-07-27_18:29:07      -19.1738       -19.0132       -19.0277       -19.0239       
 2018-07-27_18:29:17      -19.1727       -19.0189       -19.0281       -19.0277       
 2018-07-27_18:29:27      -19.1856       -19.0323       -19.0369       -19.0285       
 2018-07-27_18:29:37      -19.2062       -19.0346       -19.0353       -19.0407       
 2018-07-27_18:29:47      -19.1971       -19.0186       -19.0468       -19.0224       
 2018-07-27_18:29:57      -19.1982       -19.0285       -19.0266       -19.0407       
 2018-07-27_18:30:07      -19.2047       -19.0285       -19.0388       -19.0414       
 2018-07-27_18:30:17      -19.2078       -19.0361       -19.0575       -19.0289       
 2018-07-27_18:30:27      -19.2036       -19.0323       -19.0407       -19.0369       
 2018-07-27_18:30:37      -19.1826       -19.0269       -19.0304       -19.0166       
 2018-07-27_18:30:47      -18.8808       -18.5009       -18.3254       -18.2007       
 2018-07-27_18:30:57      -15.5235       -14.5325       -14.0133       -13.649        
 2018-07-27_18:31:07      -9.3372        -8.3797        -7.9857        -7.642         
 2018-07-27_18:31:17      -4.1584        -3.3569        -3.0403        -2.7554        
 2018-07-27_18:31:27      0.0036         0.6161         0.9012         1.0948         
 2018-07-27_18:31:37      3.3656         3.8735         4.1242         4.272          
 2018-07-27_18:31:47      6.119          6.5351         6.7645         6.8768         
 2018-07-27_18:31:57      8.3722         8.7094         8.9363         9.0113         
 2018-07-27_18:32:07      10.2412        10.5046        10.7323        10.7716        
 2018-07-27_18:32:17      11.7997        12.0062        12.2291        12.2445        
 2018-07-27_18:32:27      13.0995        13.2608        13.487         13.476         
 2018-07-27_18:32:37      14.1338        14.2743        14.4451        14.4372        
 2018-07-27_18:32:47      14.8821        14.9572        15.101         15.0922        
 2018-07-27_18:32:57      15.4934        15.5488        15.6855        15.6738        
 2018-07-27_18:33:07      16.0092        16.0493        16.1812        16.1695        
 2018-07-27_18:33:17      16.4438        16.4742        16.6034        16.5857        
