 TIME                     Si_glued1 [C]       Si_glued2 [C]       Si_glued3 [C]       Si_clamped [C]      Peltier_clamped [C] Peltier_TC [C]      
=================================================================================================================================================
 2018-08-22_17:27:35      23.1649             23.3485             23.0256             22.8886             22.9067             23.0457             
 2018-08-22_17:27:52      22.9538             23.1468             22.8136             22.6751             22.6929             22.845              
 2018-08-22_17:28:09      22.7395             22.946              22.601              22.4607             22.4807             22.6453             
 2018-08-22_17:28:25      22.5272             22.7399             22.3866             22.2457             22.2648             22.442              
 2018-08-22_17:28:42      22.3117             22.5376             22.1714             22.0301             22.0519             22.2227             
 2018-08-22_17:28:59      22.104              22.3349             21.9642             21.8224             21.8437             22.0643             
 2018-08-22_17:29:16      21.9098             22.1506             21.778              21.6393             21.6661             21.9166             
 2018-08-22_17:29:32      21.7382             21.9893             21.6197             21.4815             21.511              21.7823             
 2018-08-22_17:29:49      21.5936             21.8511             21.4762             21.3409             21.3703             21.658              
 2018-08-22_17:30:06      21.4565             21.7151             21.3412             21.2022             21.2367             21.5349             
 2018-08-22_17:30:23      21.3256             21.5938             21.2154             21.0772             21.1108             21.412              
 2018-08-22_17:30:39      21.2127             21.482              21.1057             20.9718             21.007              21.3358             
 2018-08-22_17:30:56      21.1176             21.3912             21.0213             20.8841             20.9196             21.2599             
 2018-08-22_17:31:13      21.0432             21.3178             20.9524             20.8172             20.8541             21.201              
 2018-08-22_17:31:30      20.9836             21.2609             20.8984             20.7664             20.8041             21.1701             
 2018-08-22_17:31:46      20.9394             21.2171             20.8596             20.7262             20.7678             21.131              
 2018-08-22_17:32:03      20.9098             21.188              20.8334             20.701              20.7444             21.1358             
 2018-08-22_17:32:20      20.8884             21.1666             20.8153             20.6844             20.732              21.0874             
 2018-08-22_17:32:37      20.871              21.1483             20.7933             20.6621             20.7062             21.0599             
 2018-08-22_17:32:53      20.844              21.121              20.7675             20.6314             20.6753             21.0299             
 2018-08-22_17:33:10      20.8155             21.0925             20.7393             20.6049             20.6549             21.0147             
 2018-08-22_17:33:27      20.7933             21.0678             20.7179             20.5854             20.6353             20.9979             
 2018-08-22_17:33:44      20.772              21.0534             20.7054             20.572              20.6245             20.9994             
 2018-08-22_17:34:00      20.7654             21.0424             20.6981             20.5669             20.6188             20.9948             
 2018-08-22_17:34:17      20.7617             21.0374             20.6987             20.5666             20.6215             21.0226             
 2018-08-22_17:34:34      20.7663             21.0376             20.7044             20.5747             20.6239             21.0117             
 2018-08-22_17:34:51      20.7708             21.0426             20.7063             20.5775             20.6248             21.0113             
 2018-08-22_17:35:07      20.7675             21.0335             20.6965             20.5651             20.6125             20.9827             
 2018-08-22_17:35:24      20.7583             21.0261             20.6861             20.5526             20.5997             20.9754             
 2018-08-22_17:35:41      20.7463             21.0161             20.6768             20.547              20.5898             20.9672             
 2018-08-22_17:35:58      20.74               21.008              20.6733             20.5406             20.5869             20.9703             
 2018-08-22_17:36:14      20.7396             21.0037             20.6732             20.5425             20.5882             20.973              
 2018-08-22_17:36:31      20.739              21.0053             20.6757             20.5452             20.5914             20.9498             
 2018-08-22_17:36:48      20.7391             21.0055             20.6705             20.5391             20.5885             20.9579             
 2018-08-22_17:37:05      20.7292             20.9988             20.663              20.533              20.5826             20.9359             
 2018-08-22_17:37:21      20.7244             20.9921             20.6582             20.5288             20.5844             20.9523             
 2018-08-22_17:37:38      20.7238             20.9989             20.6623             20.5303             20.5856             20.9983             
 2018-08-22_17:37:55      20.7284             21.0049             20.6676             20.5389             20.5967             20.9954             
 2018-08-22_17:38:12      20.737              21.0169             20.6791             20.5478             20.607              21.01               
 2018-08-22_17:38:28      20.7477             21.0233             20.6833             20.5513             20.6109             21.0332             
 2018-08-22_17:38:45      20.7489             21.0234             20.6873             20.5536             20.6106             20.9947             
 2018-08-22_17:39:02      20.7467             21.0218             20.6861             20.5529             20.6111             21.0077             
 2018-08-22_17:39:19      20.7475             21.02               20.6881             20.5579             20.6152             21.0116             
 2018-08-22_17:39:35      20.7508             21.0229             20.6923             20.5639             20.6214             21.0022             
 2018-08-22_17:39:52      20.7507             21.0238             20.6931             20.56               20.6197             21.0006             
 2018-08-22_17:40:09      20.7484             21.0195             20.6879             20.5572             20.6119             20.9791             
 2018-08-22_17:40:25      20.7439             21.0138             20.6837             20.5543             20.6048             20.9475             
 2018-08-22_17:40:42      20.7449             21.0172             20.6826             20.5532             20.6044             20.9553             
 2018-08-22_17:40:59      20.7536             21.0229             20.6873             20.5577             20.6086             20.9617             
 2018-08-22_17:41:16      20.7542             21.031              20.6926             20.5648             20.6167             20.9783             
 2018-08-22_17:41:32      20.7564             21.0261             20.6941             20.5627             20.609              20.981              
 2018-08-22_17:41:49      20.7867             21.0694             20.7347             20.6131             20.6889             21.2556             
 2018-08-22_17:42:06      20.909              21.2239             20.8416             20.7194             20.7838             21.3707             
 2018-08-22_17:42:23      20.992              21.3506             20.9176             20.7943             20.8306             21.3177             
 2018-08-22_17:42:39      21.039              21.4189             20.9662             20.8398             20.8606             21.2465             
 2018-08-22_17:42:56      21.0717             21.462              21.0018             20.8722             20.8722             21.2313             
 2018-08-22_17:43:13      21.0889             21.4476             20.9995             20.8585             20.8446             21.134              
 2018-08-22_17:43:30      21.0244             21.3531             20.9417             20.8044             20.8023             21.0771             
 2018-08-22_17:43:46      20.9663             21.2701             20.89               20.7551             20.7706             21.0609             
 2018-08-22_17:44:03      20.9243             21.208              20.8506             20.7165             20.743              21.0172             
 2018-08-22_17:44:20      20.8871             21.1587             20.8102             20.6804             20.7143             21.0051             
 2018-08-22_17:44:37      20.8516             21.1175             20.7792             20.6498             20.6849             20.9825             
 2018-08-22_17:44:53      20.8233             21.0873             20.755              20.6194             20.6668             20.9871             
 2018-08-22_17:45:10      20.8041             21.0666             20.739              20.6066             20.6537             20.9844             
 2018-08-22_17:45:27      20.7975             21.2332             20.9064             20.7669             20.9366             21.3096             
 2018-08-22_17:45:44      21.2243             21.7927             21.2273             21.0764             21.2452             21.4732             
 2018-08-22_17:46:00      21.4559             21.9807             21.4208             21.2683             21.4213             21.5423             
 2018-08-22_17:46:17      21.5875             22.0502             21.5408             21.3886             21.5182             21.5847             
 2018-08-22_17:46:34      21.6659             22.0667             21.6086             21.4606             21.5723             21.6136             
 2018-08-22_17:46:51      21.7039             22.0736             21.6397             21.4943             21.5912             21.6006             
 2018-08-22_17:47:07      21.7192             22.0701             21.6527             21.5068             21.5942             21.5857             
 2018-08-22_17:47:24      21.7107             22.0379             21.6354             21.4878             21.5659             21.5647             
 2018-08-22_17:47:41      21.682              21.9924             21.6025             21.4588             21.5268             21.5009             
 2018-08-22_17:47:58      21.652              21.9531             21.5737             21.43               21.5026             21.4736             
 2018-08-22_17:48:14      21.625              21.9332             21.5557             21.4098             21.4936             21.4607             
 2018-08-22_17:48:31      21.6148             21.9297             21.5462             21.4058             21.4903             21.4576             
 2018-08-22_17:48:48      21.6076             21.9114             21.5438             21.4004             21.4827             21.4585             
 2018-08-22_17:49:05      21.5945             21.8882             21.5204             21.383              21.4689             21.4205             
 2018-08-22_17:49:21      21.5749             21.8566             21.5043             21.3643             21.4445             21.3871             
 2018-08-22_17:49:38      21.5494             21.8222             21.4794             21.3423             21.4222             21.3672             
 2018-08-22_17:49:55      21.5301             21.7975             21.4631             21.3218             21.3971             21.3394             
 2018-08-22_17:50:12      21.5116             21.7712             21.4443             21.3056             21.3819             21.3145             
 2018-08-22_17:50:28      21.4908             21.7503             21.4222             21.2868             21.3629             21.3114             
 2018-08-22_17:50:45      21.4703             21.7338             21.4048             21.268              21.3408             21.2917             
 2018-08-22_17:51:02      21.4512             21.7178             21.3859             21.2477             21.3223             21.2664             
 2018-08-22_17:51:19      21.43               21.6847             21.3614             21.2245             21.2886             21.2399             
 2018-08-22_17:51:35      21.4036             21.6616             21.3361             21.2002             21.2635             21.2047             
 2018-08-22_17:51:52      21.3799             21.6333             21.3184             21.1778             21.2426             21.1881             
 2018-08-22_17:52:09      21.3633             21.6167             21.2997             21.1629             21.2338             21.1796             
 2018-08-22_17:52:26      21.3592             21.6219             21.2986             21.1665             21.234              21.1904             
 2018-08-22_17:52:42      21.3607             21.6356             21.3081             21.1666             21.2348             21.1984             
 2018-08-22_17:52:59      21.3645             21.6331             21.3005             21.1655             21.2367             21.19               
 2018-08-22_17:53:16      21.3611             21.6344             21.3028             21.1631             21.2382             21.1755             
 2018-08-22_17:53:33      21.3624             21.6286             21.3029             21.1646             21.2426             21.1718             
 2018-08-22_17:53:49      21.3629             21.6296             21.3068             21.1688             21.2379             21.1888             
 2018-08-22_17:54:06      21.3596             21.6188             21.2988             21.1603             21.2354             21.1624             
 2018-08-22_17:54:23      21.3503             21.6093             21.2908             21.1567             21.228              21.1824             
 2018-08-22_17:54:40      21.3455             21.5976             21.2841             21.1521             21.2248             21.1537             
 2018-08-22_17:54:56      21.3402             21.5963             21.2808             21.1462             21.2215             21.1578             
 2018-08-22_17:55:13      21.3374             21.591              21.2807             21.1447             21.2141             21.1415             
 2018-08-22_17:55:30      21.3286             21.5772             21.2652             21.1287             21.1997             21.1277             
 2018-08-22_17:55:47      21.3136             21.5661             21.2494             21.1152             21.1868             21.1394             
 2018-08-22_17:56:03      21.301              21.5674             21.2421             21.1081             21.1769             21.1232             
 2018-08-22_17:56:20      21.2987             21.5476             21.2389             21.1015             21.174              21.1372             
 2018-08-22_17:56:37      21.2952             21.5503             21.234              21.095              21.1657             21.117              
 2018-08-22_17:56:54      21.2861             21.5442             21.228              21.0899             21.1623             21.1213             
 2018-08-22_17:57:10      21.2935             21.5653             21.2371             21.1006             21.1677             21.1168             
 2018-08-22_17:57:27      21.3092             21.5853             21.2512             21.1151             21.1899             21.1469             
 2018-08-22_17:57:44      21.3252             21.6111             21.272              21.1348             21.2102             21.1604             
 2018-08-22_17:58:01      21.3359             21.6085             21.2782             21.1409             21.2141             21.1565             
 2018-08-22_17:58:17      21.3382             21.6009             21.2794             21.1389             21.2142             21.1416             
 2018-08-22_17:58:34      21.3353             21.6006             21.279              21.1404             21.2167             21.159              
 2018-08-22_17:58:51      21.3376             21.6018             21.2846             21.1461             21.2289             21.156              
 2018-08-22_17:59:08      21.3448             21.6097             21.29               21.1527             21.2281             21.1685             
 2018-08-22_17:59:24      21.3458             21.6036             21.2759             21.1368             21.2105             21.1136             
 2018-08-22_17:59:41      21.3114             21.5719             21.2279             21.0888             21.1464             21.0374             
 2018-08-22_17:59:58      21.233              21.5077             21.1363             20.988              21.0441             20.8938             
 2018-08-22_18:00:15      21.1266             21.4045             21.011              20.8633             20.9159             20.7593             
 2018-08-22_18:00:31      20.9837             21.2695             20.868              20.7134             20.7642             20.6063             
 2018-08-22_18:00:48      20.831              21.1376             20.7057             20.5504             20.6026             20.4379             
 2018-08-22_18:01:05      20.6664             20.9825             20.5376             20.3783             20.4321             20.2598             
 2018-08-22_18:01:22      20.4918             20.8247             20.3579             20.1961             20.2499             20.1017             
 2018-08-22_18:01:38      20.3185             20.6828             20.1819             20.0209             20.0702             19.939              
 2018-08-22_18:01:55      20.1519             20.5355             20.0177             19.8551             19.9157             19.807              
 2018-08-22_18:02:12      19.9988             20.421              19.8631             19.7018             19.7633             19.6361             
 2018-08-22_18:02:29      19.8504             20.2867             19.7113             19.5435             19.616              19.5022             
 2018-08-22_18:02:45      19.6994             20.155              19.5544             19.3881             19.4653             19.3412             
 2018-08-22_18:03:02      19.5424             19.9959             19.4061             19.2288             19.3002             19.195              
 2018-08-22_18:03:19      19.3832             19.8566             19.2347             19.0625             19.1376             19.0074             
 2018-08-22_18:03:36      19.2218             19.7151             19.0706             18.8986             18.9675             18.8565             
 2018-08-22_18:03:52      19.0547             19.5624             18.9066             18.7291             18.8035             18.6827             
 2018-08-22_18:04:09      18.893              19.408              18.7382             18.562              18.6324             18.5321             
 2018-08-22_18:04:26      18.7224             19.275              18.5666             18.3833             18.455              18.3504             
 2018-08-22_18:04:42      18.5499             19.0891             18.3857             18.2064             18.2766             18.1813             
 2018-08-22_18:04:59      18.3725             18.9279             18.2068             18.024              18.0972             18.0138             
 2018-08-22_18:05:16      18.1939             18.7719             18.0284             17.8412             17.9077             17.8279             
 2018-08-22_18:05:33      18.0107             18.5866             17.844              17.659              17.7247             17.643              
 2018-08-22_18:05:49      17.8414             18.4525             17.6806             17.4906             17.5645             17.5258             
 2018-08-22_18:06:06      17.6964             18.3441             17.5344             17.3435             17.4378             17.3969             
 2018-08-22_18:06:23      17.5656             18.2293             17.4103             17.2146             17.3085             17.2768             
 2018-08-22_18:06:40      17.4407             18.1342             17.2873             17.0906             17.1934             17.1692             
 2018-08-22_18:06:56      17.3227             18.0064             17.1623             16.9634             17.0738             17.0458             
 2018-08-22_18:07:13      17.1963             17.9204             17.0401             16.8439             16.9649             16.933              
 2018-08-22_18:07:30      17.0855             17.7952             16.9229             16.735              16.8575             16.838              
 2018-08-22_18:07:47      16.9789             17.7151             16.8274             16.6342             16.7505             16.7415             
 2018-08-22_18:08:03      16.8811             17.6059             16.7227             16.5272             16.6509             16.6492             
 2018-08-22_18:08:20      16.7834             17.4965             16.625              16.4312             16.5444             16.5515             
 2018-08-22_18:08:37      16.6908             17.4219             16.5361             16.3421             16.4589             16.5111             
 2018-08-22_18:08:54      16.6037             17.3554             16.4637             16.2718             16.378              16.4095             
 2018-08-22_18:09:10      16.5396             17.2787             16.4078             16.213              16.3134             16.3759             
 2018-08-22_18:09:27      16.4923             17.2383             16.3451             16.153              16.2526             16.291              
 2018-08-22_18:09:44      16.4311             17.1711             16.2908             16.0991             16.201              16.2734             
 2018-08-22_18:10:01      16.3898             17.131              16.2517             16.064              16.1905             16.282              
 2018-08-22_18:10:17      16.3792             17.1564             16.2668             16.071              16.2101             16.3137             
 2018-08-22_18:10:34      16.4097             17.2131             16.2966             16.1042             16.2427             16.3145             
 2018-08-22_18:10:51      16.4333             17.2333             16.3079             16.1183             16.2551             16.2865             
 2018-08-22_18:11:08      16.441              17.2278             16.3281             16.1319             16.2658             16.3332             
 2018-08-22_18:11:25      16.4514             17.2479             16.3343             16.1364             16.28               16.3644             
 2018-08-22_18:11:42      16.459              17.2433             16.3393             16.1478             16.2895             16.3357             
 2018-08-22_18:11:58      16.4629             17.2457             16.3415             16.144              16.2811             16.3252             
 2018-08-22_18:12:15      16.453              17.2146             16.3192             16.1259             16.2605             16.2887             
 2018-08-22_18:12:32      16.433              17.2047             16.3081             16.1113             16.2442             16.3178             
 2018-08-22_18:12:48      16.4207             17.1771             16.2898             16.1009             16.2244             16.2882             
 2018-08-22_18:13:05      16.4051             17.1778             16.2785             16.08               16.1988             16.2363             
 2018-08-22_18:13:22      16.3764             17.126              16.2418             16.0498             16.1728             16.2383             
 2018-08-22_18:13:39      16.3473             17.0803             16.2202             16.0249             16.1459             16.2213             
 2018-08-22_18:13:55      16.3279             17.074              16.1987             16.0044             16.1144             16.1743             
 2018-08-22_18:14:12      16.3026             17.0538             16.168              15.9766             16.0906             16.1535             
 2018-08-22_18:14:29      16.2752             17.037              16.1491             15.9538             16.0621             16.1316             
 2018-08-22_18:14:46      16.2711             17.0387             16.1474             15.9601             16.0902             16.175              
 2018-08-22_18:15:02      16.2876             17.0652             16.1826             15.9902             16.1299             16.2059             
 2018-08-22_18:15:19      16.3314             17.1231             16.2186             16.0272             16.1688             16.2347             
 2018-08-22_18:15:36      16.3622             17.1632             16.2481             16.0496             16.1926             16.2508             
 2018-08-22_18:15:53      16.3752             17.1391             16.254              16.0655             16.2126             16.282              
 2018-08-22_18:16:09      16.3865             17.182              16.2721             16.0791             16.2271             16.2937             
 2018-08-22_18:16:26      16.4047             17.1668             16.2825             16.0941             16.2347             16.2786             
 2018-08-22_18:16:43      16.4123             17.1785             16.2947             16.098              16.2312             16.2884             
 2018-08-22_18:17:00      16.405              17.1691             16.2823             16.0923             16.2326             16.2656             
 2018-08-22_18:17:16      16.3968             17.1581             16.2745             16.0828             16.2182             16.268              
 2018-08-22_18:17:33      16.3855             17.1318             16.2669             16.0697             16.205              16.2503             
 2018-08-22_18:17:50      16.3718             17.1193             16.247              16.0485             16.1793             16.2286             
 2018-08-22_18:18:07      16.3382             17.0789             16.2076             16.0126             16.1468             16.1972             
 2018-08-22_18:18:23      16.3096             17.0401             16.1766             15.9882             16.1059             16.1514             
 2018-08-22_18:18:40      16.2839             17.0487             16.1524             15.9664             16.081              16.1202             
 2018-08-22_18:18:57      16.2659             17.0089             16.1395             15.9457             16.0665             16.1364             
 2018-08-22_18:19:14      16.2478             17.0027             16.1219             15.936              16.0525             16.1321             
 2018-08-22_18:19:30      16.2494             17.0353             16.1362             15.9448             16.0626             16.163              
 2018-08-22_18:19:47      16.2748             17.0746             16.1728             15.9764             16.1013             16.1792             
 2018-08-22_18:20:04      16.3191             17.1031             16.2001             16.014              16.1493             16.2157             
 2018-08-22_18:20:21      16.3512             17.1405             16.2353             16.0458             16.1945             16.2359             
 2018-08-22_18:20:37      16.3773             17.148              16.2586             16.0657             16.216              16.2504             
 2018-08-22_18:20:54      16.3922             17.159              16.2716             16.0794             16.2216             16.2513             
 2018-08-22_18:21:11      16.3645             17.138              16.2179             16.0204             16.1865             16.2247             
 2018-08-22_18:21:28      16.3119             17.0925             16.1788             15.9801             16.1646             16.1609             
 2018-08-22_18:21:44      16.277              17.0585             16.1422             15.947              16.1375             16.1612             
 2018-08-22_18:22:01      16.2479             17.0293             16.106              15.9164             16.1195             16.1465             
 2018-08-22_18:22:18      16.2212             17.0013             16.0799             15.8896             16.0927             16.1064             
 2018-08-22_18:22:35      16.1955             17.0049             16.0675             15.8694             16.0696             16.103              
 2018-08-22_18:22:51      16.1728             16.974              16.0378             15.8384             16.0396             16.0769             
 2018-08-22_18:23:08      16.141              16.9351             16.0058             15.8121             16.0136             16.0451             
 2018-08-22_18:23:25      16.1107             16.8913             15.9838             15.779              15.9788             16.0096             
 2018-08-22_18:23:42      16.0927             16.8867             15.9587             15.7633             15.9619             16.0377             
 2018-08-22_18:23:58      16.0798             16.8763             15.9562             15.7614             15.9638             16.0341             
 2018-08-22_18:24:15      16.0882             16.9102             15.9738             15.7734             15.985              16.0342             
 2018-08-22_18:24:32      16.1175             16.9464             16.0048             15.8034             16.027              16.0897             
 2018-08-22_18:24:49      16.163              16.99               16.0399             15.8458             16.0735             16.1202             
 2018-08-22_18:25:05      16.1993             17.018              16.0837             15.8836             16.001              16.0443             
 2018-08-22_18:25:22      16.1687             16.9968             15.9911             15.7879             15.8935             15.9618             
 2018-08-22_18:25:39      16.0395             16.8713             15.8664             15.3773             14.8382             14.4095             
 2018-08-22_18:25:56      13.2593             14.243              11.6444             11.2202             10.829              11.0312             
 2018-08-22_18:26:12      9.6495              11.1984             8.3964              8.0209              7.8857              8.8248              
 2018-08-22_18:26:29      7.1868              9.1026              6.2254              5.8751              5.9175              7.3142              
 2018-08-22_18:26:46      5.5005              7.7267              4.7165              4.3955              4.5153              6.3099              
 2018-08-22_18:27:03      4.3021              6.6404              3.6358              3.3                 3.5303              5.5159              
 2018-08-22_18:27:20      3.4257              5.8362              2.8498              2.5358              2.8059              4.9636              
 2018-08-22_18:27:36      2.7847              5.3201              2.2335              1.9423              2.2287              4.4737              
 2018-08-22_18:27:53      2.2986              4.8919              1.834               1.5108              1.7769              4.1673              
 2018-08-22_18:28:10      1.9039              4.5315              1.4622              1.1348              1.4605              3.9102              
 2018-08-22_18:28:27      1.5826              4.185               1.1788              0.8694              1.1875              3.7105              
 2018-08-22_18:28:43      1.3893              4.0957              1.0155              0.7025              1.0388              3.6319              
 2018-08-22_18:29:00      1.309               4.1275              0.9202              0.6469              1.0365              3.6276              
 2018-08-22_18:29:17      1.3027              4.1193              0.9741              0.6682              1.0574              3.6556              
 2018-08-22_18:29:34      1.3518              4.2202              1.0098              0.711               1.1323              3.7234              
 2018-08-22_18:29:50      1.3861              4.2214              1.0464              0.7555              1.178               3.7511              
 2018-08-22_18:30:07      1.4113              4.2166              1.0403              0.747               1.1849              3.747               
 2018-08-22_18:30:24      1.3944              4.1675              1.0384              0.7398              1.172               3.7072              
 2018-08-22_18:30:41      1.3678              4.0893              1.0261              0.7227              1.1489              3.6716              
 2018-08-22_18:30:57      1.3545              4.1423              1.0256              0.7095              1.1366              3.6485              
 2018-08-22_18:31:14      1.3262              4.1221              1.0052              0.6767              1.104               3.6131              
 2018-08-22_18:31:31      1.2984              4.0247              0.9151              0.6205              1.0245              3.5048              
 2018-08-22_18:31:48      1.238               4.0403              0.8503              0.5664              0.9534              3.4549              
 2018-08-22_18:32:04      1.1402              3.8007              0.7865              0.4815              0.8901              3.4069              
 2018-08-22_18:32:21      1.0692              3.8872              0.6999              0.4106              0.795               3.3001              
 2018-08-22_18:32:38      0.9987              3.6938              0.629               0.321               0.6904              3.2391              
 2018-08-22_18:32:55      0.9036              3.6037              0.5504              0.2368              0.5955              3.1193              
 2018-08-22_18:33:11      0.8096              3.5924              0.4678              0.1523              0.5374              3.1497              
 2018-08-22_18:33:28      0.7974              3.6016              0.4419              0.1581              0.5385              3.1386              
 2018-08-22_18:33:45      0.8443              3.6764              0.5504              0.2512              0.6718              3.2678              
 2018-08-22_18:34:02      0.9655              3.7955              0.6528              0.3658              0.8094              3.4028              
 2018-08-22_18:34:18      1.0835              3.8906              0.7688              0.4811              0.9243              3.4948              
 2018-08-22_18:34:35      1.1615              4.0                 0.8701              0.5493              0.9557              3.5186              
 2018-08-22_18:34:52      1.2427              3.9885              0.8701              0.5817              1.0396              3.5031              
 2018-08-22_18:35:09      1.2604              4.0317              0.9103              0.6058              1.0455              3.5859              
 2018-08-22_18:35:25      1.2334              3.9718              0.8981              0.6028              1.0592              3.5547              
 2018-08-22_18:35:42      1.2603              4.0955              0.9011              0.5991              1.0379              3.5331              
 2018-08-22_18:35:59      1.2315              3.971               0.8858              0.5688              0.9806              3.4801              
 2018-08-22_18:36:16      1.175               3.9369              0.8339              0.5486              0.9762              3.4624              
 2018-08-22_18:36:32      1.1419              3.9765              0.8012              0.5023              0.922               3.3769              
 2018-08-22_18:36:49      1.0981              3.8429              0.7382              0.4319              0.8188              3.3156              
 2018-08-22_18:37:06      1.0242              3.6769              0.64                0.357               0.7281              3.208               
 2018-08-22_18:37:23      0.9433              3.6682              0.5944              0.2747              0.6461              3.1761              
 2018-08-22_18:37:39      0.8546              3.6428              0.5047              0.1983              0.548               3.0914              
 2018-08-22_18:37:56      0.7756              3.4693              0.4451              0.1383              0.5025              3.0878              
 2018-08-22_18:38:13      0.7717              3.5307              0.4523              0.1615              0.543               3.1318              
 2018-08-22_18:38:30      0.829               3.6299              0.5072              0.2276              0.6214              3.2541              
 2018-08-22_18:38:46      0.9324              3.729               0.6163              0.332               0.8139              3.379               
 2018-08-22_18:39:03      1.0493              3.8824              0.7304              0.4314              0.9162              3.4211              
 2018-08-22_18:39:20      1.1259              3.9299              0.8055              0.5112              0.9746              3.4861              
 2018-08-22_18:39:37      1.1689              3.9724              0.8357              0.5469              1.0146              3.5244              
 2018-08-22_18:39:53      1.2052              3.983               0.8519              0.5664              1.0387              3.5071              
 2018-08-22_18:40:10      1.1974              3.9693              0.8474              0.5419              0.9761              3.4223              
 2018-08-22_18:40:27      1.1394              3.8869              0.7926              0.4862              0.8888              3.3228              
 2018-08-22_18:40:44      1.0536              3.7697              0.7182              0.4024              0.809               3.287               
 2018-08-22_18:41:00      0.9975              3.6916              0.6149              0.2945              0.6567              3.1495              
 2018-08-22_18:41:17      0.874               3.5511              0.5034              0.1929              0.5242              3.065               
 2018-08-22_18:41:34      0.7549              3.5085              0.4084              0.1173              0.4707              3.1026              
 2018-08-22_18:41:50      0.7774              3.5782              0.4314              0.1481              0.5643              3.1655              
 2018-08-22_18:42:07      0.819               3.6012              0.4946              0.2254              0.6151              3.2369              
 2018-08-22_18:42:24      0.9388              3.8197              0.6211              0.3035              0.7646              3.3009              
 2018-08-22_18:42:41      1.0124              3.8695              0.6885              0.397               0.8882              3.4124              
 2018-08-22_18:42:57      1.1132              3.9229              0.7771              0.4811              0.9485              3.4549              
 2018-08-22_18:43:14      1.1708              3.961               0.8526              0.5442              1.0202              3.4832              
 2018-08-22_18:43:31      1.2479              3.9811              0.8837              0.5921              1.0247              3.5176              
 2018-08-22_18:43:48      1.2164              4.0477              0.8765              0.5708              0.9881              3.5046              
 2018-08-22_18:44:04      1.1901              4.0004              0.8402              0.5408              0.9249              3.3993              
 2018-08-22_18:44:21      1.1475              3.9271              0.7722              0.4961              0.8693              3.3046              
 2018-08-22_18:44:38      1.0762              3.8                 0.7165              0.4143              0.7951              3.2603              
 2018-08-22_18:44:55      0.9886              3.6646              0.5984              0.3028              0.6578              3.1905              
 2018-08-22_18:45:11      0.8715              3.6015              0.4908              0.2024              0.5347              3.0733              
 2018-08-22_18:45:28      0.7811              3.4347              0.4122              0.1104              0.4141              2.9773              
 2018-08-22_18:45:45      0.6935              3.4082              0.3506              0.0504              0.3981              2.9752              
 2018-08-22_18:46:02      0.7041              3.4227              0.3685              0.0918              0.4756              3.0289              
 2018-08-22_18:46:18      0.7973              3.6659              0.482               0.1753              0.5368              3.1752              
 2018-08-22_18:46:35      0.8969              3.7377              0.5974              0.2898              0.749               3.3023              
 2018-08-22_18:46:52      1.0197              3.8966              0.705               0.4071              0.8449              3.3356              
 2018-08-22_18:47:09      1.1111              4.0256              0.7851              0.4914              0.9102              3.4072              
 2018-08-22_18:47:25      1.1833              3.9754              0.8464              0.5488              1.0057              3.4689              
 2018-08-22_18:47:42      1.2043              4.1161              0.8811              0.5763              0.9872              3.4875              
 2018-08-22_18:47:59      1.219               4.0703              0.8897              0.5826              1.0028              3.4539              
 2018-08-22_18:48:16      1.2266              3.9632              0.847               0.5593              0.979               3.4744              
 2018-08-22_18:48:32      1.1861              3.91                0.8177              0.5308              0.9392              3.3537              
 2018-08-22_18:48:49      1.1487              3.8691              0.8066              0.4715              0.8613              3.3227              
 2018-08-22_18:49:06      1.0875              3.8463              0.7066              0.4035              0.7799              3.2708              
 2018-08-22_18:49:23      0.9914              3.6975              0.618               0.3079              0.6486              3.1073              
 2018-08-22_18:49:39      0.8908              3.553               0.4966              0.202               0.5565              3.0411              
 2018-08-22_18:49:56      0.7918              3.5118              0.4296              0.1182              0.4728              3.0203              
 2018-08-22_18:50:13      0.7335              3.5148              0.4014              0.103               0.4886              3.058               
 2018-08-22_18:50:30      0.7785              3.5537              0.4568              0.1673              0.5674              3.1402              
 2018-08-22_18:50:46      0.8799              3.7077              0.5772              0.2707              0.6923              3.2433              
 2018-08-22_18:51:03      0.9791              3.8089              0.6648              0.3696              0.8622              3.3917              
 2018-08-22_18:51:20      1.075               3.916               0.7509              0.4666              0.9316              3.4111              
 2018-08-22_18:51:37      1.1354              3.9552              0.8281              0.5149              0.9821              3.4591              
 2018-08-22_18:51:53      1.191               3.9987              0.8707              0.5517              0.974               3.4136              
 2018-08-22_18:52:10      1.1992              4.004               0.8746              0.563               0.9763              3.4237              
 2018-08-22_18:52:27      1.2097              3.9613              0.8406              0.5514              1.0151              3.4199              
 2018-08-22_18:52:44      1.2018              4.007               0.853               0.5413              0.9579              3.3876              
 2018-08-22_18:53:00      1.1597              3.9316              0.8161              0.4937              0.8592              3.3431              
 2018-08-22_18:53:17      1.0752              3.8052              0.7381              0.4246              0.8132              3.2967              
 2018-08-22_18:53:34      1.0018              3.786               0.6303              0.3288              0.7072              3.202               
 2018-08-22_18:53:51      0.9158              3.5849              0.5491              0.2559              0.5619              3.0325              
 2018-08-22_18:54:07      0.8001              3.5401              0.4156              0.1444              0.4643              2.9857              
 2018-08-22_18:54:24      0.7452              3.4932              0.3936              0.0985              0.474               3.0669              
 2018-08-22_18:54:41      0.765               3.5295              0.4583              0.1635              0.5498              3.1481              
 2018-08-22_18:54:58      0.8627              3.684               0.5665              0.2581              0.6786              3.2357              
 2018-08-22_18:55:14      0.9908              3.7925              0.6478              0.3629              0.8249              3.357               
 2018-08-22_18:55:31      1.0821              3.9583              0.7627              0.4583              0.9107              3.4026              
 2018-08-22_18:55:48      1.1724              4.0257              0.8362              0.546               0.9755              3.4825              
 2018-08-22_18:56:05      1.2108              4.0253              0.8698              0.5772              1.0178              3.488               
 2018-08-22_18:56:22      1.2243              4.0105              0.8912              0.5847              1.0356              3.4885              
 2018-08-22_18:56:38      1.2266              4.0018              0.8498              0.5596              0.9997              3.4439              
 2018-08-22_18:56:55      1.1891              4.0028              0.8469              0.535               0.9689              3.4033              
 2018-08-22_18:57:12      1.1777              3.8629              0.7975              0.5009              0.9022              3.3317              
 2018-08-22_18:57:29      1.1092              3.9091              0.7668              0.4447              0.7897              3.2741              
 2018-08-22_18:57:45      1.0187              3.7385              0.6627              0.3524              0.6929              3.1791              
 2018-08-22_18:58:02      0.9183              3.6943              0.5601              0.2551              0.5883              3.1066              
 2018-08-22_18:58:19      0.8178              3.5201              0.4712              0.168               0.4702              2.9729              
 2018-08-22_18:58:36      0.7471              3.4801              0.4262              0.1056              0.4216              2.9917              
 2018-08-22_18:58:52      0.731               3.5467              0.416               0.127               0.5261              3.0401              
 2018-08-22_18:59:09      0.829               3.687               0.4874              0.2079              0.636               3.1762              
 2018-08-22_18:59:26      0.9477              3.7859              0.6215              0.3305              0.7745              3.2795              
 2018-08-22_18:59:43      1.036               3.8526              0.7069              0.4178              0.8618              3.3671              
 2018-08-22_18:59:59      1.0799              3.925               0.7425              0.4733              0.9698              3.4073              
 2018-08-22_19:00:16      1.1777              3.9971              0.8333              0.5336              1.0137              3.4807              
 2018-08-22_19:00:33      1.2038              3.9994              0.8433              0.562               0.9989              3.4322              
 2018-08-22_19:00:50      1.2123              3.9703              0.8836              0.5714              1.0069              3.4509              
 2018-08-22_19:01:06      1.1879              3.9279              0.8274              0.538               0.9954              3.434               
 2018-08-22_19:01:23      1.1719              3.8687              0.8189              0.5116              0.92                3.3622              
 2018-08-22_19:01:40      1.0754              3.8881              0.7356              0.4375              0.8417              3.2994              
 2018-08-22_19:01:57      1.0389              3.7324              0.6726              0.3637              0.742               3.2005              
 2018-08-22_19:02:13      0.9519              3.6833              0.6053              0.2839              0.6167              3.076               
 2018-08-22_19:02:30      0.8625              3.5732              0.4884              0.1804              0.5108              3.0319              
 2018-08-22_19:02:47      0.7458              3.4821              0.4037              0.105               0.4492              2.9959              
 2018-08-22_19:03:04      0.7508              3.5089              0.4154              0.1073              0.476               3.051               
 2018-08-22_19:03:20      0.8086              3.5955              0.4783              0.1777              0.606               3.1964              
 2018-08-22_19:03:37      0.9071              3.7496              0.6165              0.3029              0.7236              3.2557              
 2018-08-22_19:03:54      1.0358              3.9004              0.7175              0.4051              0.8323              3.3248              
 2018-08-22_19:04:11      1.1085              3.9669              0.7957              0.4848              0.9196              3.4002              
 2018-08-22_19:04:27      1.1759              3.9142              0.8281              0.5374              0.956               3.4227              
 2018-08-22_19:04:44      1.1842              3.9168              0.8364              0.5404              1.012               3.4484              
 2018-08-22_19:05:01      1.193               4.0161              0.8681              0.5723              0.9944              3.4989              
 2018-08-22_19:05:18      1.2025              3.9834              0.8758              0.5563              0.9373              3.3842              
 2018-08-22_19:05:34      1.1761              3.9312              0.8057              0.511               0.9024              3.3266              
 2018-08-22_19:05:51      1.1139              3.8374              0.745               0.4439              0.8538              3.2412              
 2018-08-22_19:06:08      1.054               3.6987              0.6909              0.3842              0.7758              3.1853              
 2018-08-22_19:06:25      0.9576              3.6346              0.5864              0.2858              0.6708              3.1002              
 2018-08-22_19:06:41      0.8726              3.5263              0.4762              0.1847              0.5384              3.0907              
 2018-08-22_19:06:58      0.7357              3.4723              0.4059              0.1038              0.4611              2.9999              
 2018-08-22_19:07:15      0.7314              3.4695              0.3753              0.0837              0.4834              3.0188              
 2018-08-22_19:07:31      0.7568              3.6172              0.4502              0.1648              0.569               3.0855              
 2018-08-22_19:07:48      0.8744              3.6338              0.5704              0.2568              0.6933              3.2537              
 2018-08-22_19:08:05      0.9899              3.8228              0.6617              0.3777              0.8201              3.309               
 2018-08-22_19:08:22      1.0869              3.9216              0.7821              0.4598              0.9066              3.3986              
 2018-08-22_19:08:38      1.1689              3.9397              0.827               0.5221              0.6794              3.0541              
 2018-08-22_19:08:55      0.9261              3.6131              -0.0912             -0.547              -1.1894             1.2135              
 2018-08-22_19:09:12      -1.8303             1.1655              -3.2475             -3.6942             -3.7445             -0.8643             
 2018-08-22_19:09:29      -4.216              -0.8183             -5.3192             -5.7137             -5.4749             -2.1889             
 2018-08-22_19:09:45      -5.777              -2.1671             -6.6727             -7.0766             -6.6948             -3.07               
 2018-08-22_19:10:02      -6.8275             -3.1288             -7.5565             -7.9765             -7.5134             -3.6323             
 2018-08-22_19:10:19      -7.5699             -3.5423             -8.2478             -8.6075             -8.123              -4.1115             
 2018-08-22_19:10:36      -8.0658             -4.142              -8.6956             -9.0752             -8.5705             -4.423              
 2018-08-22_19:10:53      -8.4763             -4.5422             -9.0603             -9.4425             -8.9485             -4.8032             
 2018-08-22_19:11:09      -8.765              -4.8882             -9.3826             -9.7424             -9.2461             -4.9885             
 2018-08-22_19:11:26      -8.9973             -4.9133             -9.5207             -9.8808             -9.3719             -5.0184             
 2018-08-22_19:11:43      -9.0919             -4.887              -9.5963             -9.9403             -9.3719             -5.0541             
 2018-08-22_19:12:00      -9.0321             -4.8695             -9.5474             -9.8621             -9.2186             -4.8707             
 2018-08-22_19:12:16      -8.9092             -4.6696             -9.3616             -9.7366             -9.0534             -4.6869             
 2018-08-22_19:12:33      -8.7517             -4.5918             -9.288              -9.6054             -8.9237             -4.6005             
 2018-08-22_19:12:50      -8.6647             -4.546              -9.1602             -9.5436             -8.8505             -4.5743             
 2018-08-22_19:13:07      -8.6632             -4.4598             -9.1492             -9.5215             -8.8425             -4.5584             
 2018-08-22_19:13:23      -8.6685             -4.5071             -9.1583             -9.5043             -8.7845             -4.5777             
 2018-08-22_19:13:40      -8.6502             -4.5994             -9.1236             -9.5268             -8.9233             -4.6833             
 2018-08-22_19:13:57      -8.6945             -4.6761             -9.222              -9.5837             -8.9481             -4.6722             
 2018-08-22_19:14:14      -8.7646             -4.6284             -9.2842             -9.6516             -9.0248             -4.8211             
 2018-08-22_19:14:30      -8.8394             -4.821              -9.3758             -9.7607             -9.1335             -4.9282             
 2018-08-22_19:14:47      -9.0061             -4.9454             -9.5253             -9.8824             -9.3273             -5.0726             
 2018-08-22_19:15:04      -9.1423             -5.162              -9.6802             -10.0494            -9.5139             -5.2126             
 2018-08-22_19:15:21      -9.346              -5.2521             -9.8522             -10.218             -9.7488             -5.3722             
 2018-08-22_19:15:37      -9.4315             -5.4577             -9.9964             -10.3188            -9.7569             -5.3548             
 2018-08-22_19:15:54      -9.4505             -5.3871             -9.9434             -10.2898            -9.6981             -5.3033             
 2018-08-22_19:16:11      -9.3754             -5.1598             -9.8034             -10.157             -9.544              -5.1223             
 2018-08-22_19:16:28      -9.2129             -4.9927             -9.6123             -10.0021            -9.4063             -4.9764             
 2018-08-22_19:16:44      -9.0408             -4.8622             -9.4971             -9.8572             -9.1808             -4.8291             
 2018-08-22_19:17:01      -8.9157             -4.5349             -9.3628             -9.7218             -9.0469             -4.7328             
 2018-08-22_19:17:18      -8.7917             -4.6188             -9.2781             -9.618              -8.9592             -4.6786             
 2018-08-22_19:17:35      -8.68               -4.4937             -9.2087             -9.5604             -8.9073             -4.692              
 2018-08-22_19:17:51      -8.696              -4.6082             -9.2602             -9.5837             -8.9172             -4.662              
 2018-08-22_19:18:08      -8.7143             -4.6539             -9.2453             -9.6031             -8.9539             -4.7457             
 2018-08-22_19:18:25      -8.7891             -4.7371             -9.3201             -9.6832             -9.0828             -4.8528             
 2018-08-22_19:18:42      -8.8997             -4.7485             -9.4151             -9.7874             -9.2793             -5.0319             
 2018-08-22_19:18:58      -9.0359             -5.0121             -9.581              -9.9693             -9.4727             -5.1918             
 2018-08-22_19:19:15      -9.2384             -5.3608             -9.8118             -10.1479            -9.639              -5.3285             
 2018-08-22_19:19:32      -9.3658             -5.2052             -9.8526             -10.2264            -9.6642             -5.2991             
 2018-08-22_19:19:49      -9.3594             -5.1697             -9.8198             -10.1578            -9.5703             -5.1655             
 2018-08-22_19:20:05      -9.2133             -4.9477             -9.6668             -10.0105            -9.4284             -4.9937             
 2018-08-22_19:20:22      -9.0622             -4.8218             -9.5257             -9.8701             -9.1839             -4.8296             
 2018-08-22_19:20:39      -8.8985             -4.631              -9.3548             -9.7122             -9.0523             -4.7173             
 2018-08-22_19:20:56      -8.7669             -4.5517             -9.2754             -9.6107             -8.9966             -4.686              
 2018-08-22_19:21:12      -8.7265             -4.594              -9.2571             -9.5722             -8.8913             -4.7199             
 2018-08-22_19:21:29      -8.6929             -4.4392             -9.1961             -9.5428             -8.8982             -4.6503             
 2018-08-22_19:21:46      -8.6864             -4.5841             -9.2224             -9.5753             -8.8882             -4.7                
 2018-08-22_19:22:03      -8.7311             -4.6238             -9.2506             -9.5959             -8.9924             -4.7591             
 2018-08-22_19:22:19      -8.7883             -4.7302             -9.3231             -9.6741             -9.1064             -4.8277             
 2018-08-22_19:22:36      -8.9073             -4.8397             -9.4536             -9.7916             -9.1843             -4.8787             
 2018-08-22_19:22:53      -8.9897             -4.9286             -9.5387             -9.9018             -9.33               -5.0594             
 2018-08-22_19:23:10      -9.1072             -5.1144             -9.6706             -10.0136            -9.483              -5.2052             
 2018-08-22_19:23:26      -9.3082             -5.3101             -9.8343             -10.1894            -9.6714             -5.3573             
 2018-08-22_19:23:43      -9.3796             -5.2345             -9.8873             -10.2417            -9.7263             -5.3115             
 2018-08-22_19:24:00      -9.3468             -5.1132             -9.8267             -10.1784            -9.6466             -5.1863             
 2018-08-22_19:24:17      -9.2354             -5.0797             -9.6855             -10.0651            -9.4425             -5.0832             
 2018-08-22_19:24:33      -9.1175             -4.8729             -9.552              -9.9167             -9.2506             -4.8646             
 2018-08-22_19:24:50      -8.9283             -4.6585             -9.3956             -9.7439             -9.0698             -4.805              
 2018-08-22_19:25:07      -8.7963             -4.6448             -9.3018             -9.6561             -8.9184             -4.6589             
 2018-08-22_19:25:24      -8.7463             -4.4823             -9.2628             -9.5837             -8.9306             -4.6689             
 2018-08-22_19:25:40      -8.7173             -4.5494             -9.2453             -9.5711             -8.9432             -4.6279             
 2018-08-22_19:25:57      -8.7048             -4.6562             -9.2293             -9.5795             -8.9485             -4.6858             
 2018-08-22_19:26:14      -8.7112             -4.6055             -9.2663             -9.623              -8.9523             -4.7291             
 2018-08-22_19:26:31      -8.7814             -4.6551             -9.3399             -9.6889             -9.0523             -4.8137             
 2018-08-22_19:26:48      -8.8657             -4.8294             -9.3948             -9.7595             -9.1595             -4.8949             
 2018-08-22_19:27:04      -8.9844             -4.9316             -9.5139             -9.8816             -9.341              -5.0161             
 2018-08-22_19:27:21      -9.1682             -5.2017             -9.6939             -10.038             -9.4887             -5.2276             
 2018-08-22_19:27:38      -9.2838             -5.2238             -9.8202             -10.17              -9.6375             -5.32               
 2018-08-22_19:27:55      -9.4376             -5.4047             -9.9342             -10.2692            -9.7256             -5.3371             
 2018-08-22_19:28:11      -9.3971             -5.2406             -9.8667             -10.2257            -9.613              -5.2321             
 2018-08-22_19:28:28      -9.293              -5.0293             -9.8057             -10.0964            -9.4734             -5.0691             
 2018-08-22_19:28:45      -9.1087             -4.8553             -9.5589             -9.9182             -9.2796             -4.8992             
 2018-08-22_19:29:02      -8.9462             -4.6669             -9.4471             -9.7794             -9.0805             -4.8352             
 2018-08-22_19:29:18      -8.8158             -4.6959             -9.3185             -9.663              -8.9737             -4.7244             
 2018-08-22_19:29:35      -8.744              -4.5303             -9.2518             -9.5947             -8.9638             -4.6777             
 2018-08-22_19:29:52      -8.7276             -4.5197             -9.227              -9.5779             -8.9344             -4.6987             
 2018-08-22_19:30:09      -8.7349             -4.5971             -9.2354             -9.594              -8.8913             -4.6855             
 2018-08-22_19:30:25      -8.709              -4.528              -9.2438             -9.5894             -8.9775             -4.7168             
 2018-08-22_19:30:42      -8.7769             -4.7173             -9.285              -9.6516             -9.0561             -4.8319             
 2018-08-22_19:30:59      -8.8638             -4.6913             -9.359              -9.7317             -8.5991             -3.8403             
 2018-08-22_19:31:16      -8.8825             -4.8111             -9.2342             -9.5078             -2.549              -1.2696             
 2018-08-22_19:31:32      -8.1085             -4.1859             -8.493              -8.8257             -6.8138             -3.8104             
 2018-08-22_19:31:49      -8.1619             -4.3495             -9.3155             -9.7977             -9.3555             -5.4051             
 2018-08-22_19:32:06      -9.922              -5.9113             -10.9024            -11.3106            -10.8383            -6.4207             
 2018-08-22_19:32:23      -11.0023            -6.6612             -11.8252            -12.2074            -11.6802            -6.9974             
 2018-08-22_19:32:39      -11.5871            -6.9588             -12.2803            -12.648             -12.0102            -7.1323             
 2018-08-22_19:32:56      -11.8221            -7.2037             -12.4706            -12.8189            -12.1708            -7.2035             
 2018-08-22_19:33:13      -11.9095            -7.214              -12.4752            -12.8826            -12.2105            -7.2799             
 2018-08-22_19:33:30      -11.9236            -7.2647             -12.532             -12.8906            -12.1933            -7.1945             
 2018-08-22_19:33:46      -11.9614            -7.193              -12.5473            -12.9108            -12.1647            -7.2445             
 2018-08-22_19:34:03      -11.9892            -7.4249             -12.5313            -12.9288            -12.2318            -7.2995             
 2018-08-22_19:34:20      -12.0049            -7.4219             -12.6213            -13.0093            -12.2887            -7.2914             
 2018-08-22_19:34:37      -12.0789            -7.4005             -12.6732            -13.0318            -12.3199            -7.4271             
 2018-08-22_19:34:53      -12.0865            -7.3814             -12.6732            -13.0768            -12.4027            -7.4919             
 2018-08-22_19:35:10      -12.1822            -7.7015             -12.7907            -13.1828            -12.5706            -7.6253             
 2018-08-22_19:35:27      -12.3219            -7.7629             -12.9208            -13.3022            -12.7388            -7.7179             
 2018-08-22_19:35:44      -12.4531            -7.8552             -13.0932            -13.4453            -12.8792            -7.8966             
 2018-08-22_19:36:00      -12.616             -8.0765             -13.2397            -13.5998            -13.0154            -8.019              
 2018-08-22_19:36:17      -12.7975            -8.2649             -13.4132            -13.765             -13.1927            -8.1084             
 2018-08-22_19:36:34      -12.8922            -8.4003             -13.4651            -13.8306            -13.2488            -8.0757             
 2018-08-22_19:36:51      -12.8456            -8.1295             -13.3945            -13.752             -13.102             -7.9056             
 2018-08-22_19:37:07      -12.7289            -7.9651             -13.2393            -13.5895            -12.8056            -7.6835             
 2018-08-22_19:37:24      -12.516             -7.6603             -13.0291            -13.4033            -12.6766            -7.5777             
 2018-08-22_19:37:41      -12.352             -7.6569             -12.8868            -13.2473            -12.4687            -7.4108             
 2018-08-22_19:37:58      -12.2391            -7.4341             -12.7781            -13.1634            -12.4367            -7.4159             
 2018-08-22_19:38:14      -12.1899            -7.5523             -12.7525            -13.1195            -12.3341            -7.3687             
 2018-08-22_19:38:31      -12.1681            -7.3502             -12.6999            -13.073             -12.3436            -7.3373             
 2018-08-22_19:38:48      -12.1346            -7.5146             -12.7399            -13.1252            -12.3863            -7.4526             
 2018-08-22_19:39:05      -12.1567            -7.5882             -12.7365            -13.1107            -12.4203            -7.4329             
 2018-08-22_19:39:21      -12.2475            -7.6157             -12.7865            -13.2111            -12.561             -7.5501             
 2018-08-22_19:39:38      -12.3497            -7.8476             -12.9433            -13.3301            -12.6526            -7.659              
 2018-08-22_19:39:55      -12.4489            -8.0116             -13.0718            -13.4388            -12.8464            -7.8143             
 2018-08-22_19:40:12      -12.6316            -8.1432             -13.2301            -13.615             -13.0013            -7.9646             
 2018-08-22_19:40:28      -12.7846            -8.2451             -13.3881            -13.7764            -13.1653            -8.1141             
 2018-08-22_19:40:45      -12.9166            -8.3855             -13.496             -13.8519            -13.242             -8.0701             
 2018-08-22_19:41:02      -12.896             -8.4236             -13.4361            -13.7894            -13.1153            -7.9353             
 2018-08-22_19:41:19      -12.764             -8.065              -13.2202            -13.62              -12.9555            -7.7887             
 2018-08-22_19:41:35      -12.5748            -7.8632             -13.1035            -13.4491            -12.7136            -7.6618             
 2018-08-22_19:41:52      -12.3959            -7.6717             -12.9181            -13.2843            -12.5484            -7.4922             
 2018-08-22_19:42:09      -12.2547            -7.6172             -12.8414            -13.1821            -12.4405            -7.43               
 2018-08-22_19:42:26      -12.1704            -7.5935             -12.7205            -13.1165            -12.368             -7.3821             
 2018-08-22_19:42:42      -12.1407            -7.515              -12.7068            -13.0924            -12.3856            -7.4895             
 2018-08-22_19:42:59      -12.1544            -7.4612             -12.7403            -13.1058            -12.4016            -7.4474             
 2018-08-22_19:43:16      -12.1544            -7.605              -12.7441            -13.134             -12.4439            -7.485              
 2018-08-22_19:43:33      -12.2208            -7.5905             -12.7995            -13.1935            -12.545             -7.4984             
 2018-08-22_19:43:50      -12.3009            -7.785              -12.9177            -13.2813            -12.6434            -7.5985             
 2018-08-22_19:44:06      -12.4763            -7.8777             -13.0783            -13.4037            -12.8307            -7.7782             
 2018-08-22_19:44:23      -12.5656            -8.0727             -13.187             -13.5731            -12.9608            -7.9436             
 2018-08-22_19:44:40      -12.7945            -8.2581             -13.3514            -13.7222            -13.1279            -8.0779             
 2018-08-22_19:44:57      -12.8853            -8.3557             -13.4628            -13.8405            -13.2084            -8.073              
 2018-08-22_19:45:13      -12.9135            -8.213              -13.4789            -13.821             -13.2015            -8.0403             
 2018-08-22_19:45:30      -12.7972            -8.1028             -13.3644            -13.7154            -13.0295            -7.8251             
 2018-08-22_19:45:47      -12.653             -7.9487             -13.1332            -13.4769            -12.7502            -7.6775             
 2018-08-22_19:46:04      -12.3581            -7.6302             -12.9475            -13.3087            -12.5549            -7.5                
 2018-08-22_19:46:20      -12.2421            -7.6633             -12.8174            -13.1653            -12.4352            -7.4565             
 2018-08-22_19:46:37      -12.1605            -7.4982             -12.7426            -13.1123            -12.4039            -7.441              
 2018-08-22_19:46:54      -12.162             -7.547              -12.7113            -13.0733            -12.3486            -7.3682             
 2018-08-22_19:47:11      -12.1029            -7.513              -12.7174            -13.0768            -12.3417            -7.3608             
 2018-08-22_19:47:27      -12.1452            -7.4478             -12.7205            -13.0882            -12.4458            -7.4742             
 2018-08-22_19:47:44      -12.2147            -7.6584             -12.7869            -13.1721            -12.4565            -7.4835             
 2018-08-22_19:48:01      -12.307             -7.766              -12.8815            -13.2668            -12.5999            -7.6644             
 2018-08-22_19:48:18      -12.4329            -7.7759             -13.0352            -13.4235            -12.7655            -7.7196             
 2018-08-22_19:48:34      -12.5877            -8.1463             -13.1886            -13.5651            -12.9494            -7.8633             
 2018-08-22_19:48:51      -12.73              -8.21               -13.3553            -13.6936            -13.0901            -8.0698             
 2018-08-22_19:49:08      -12.8773            -8.4213             -13.4403            -13.8401            -13.266             -8.1267             
 2018-08-22_19:49:25      -12.9013            -8.2096             -13.456             -13.8187            -13.2278            -8.0433             
 2018-08-22_19:49:41      -12.8258            -8.1497             -13.3331            -13.6841            -13.0936            -7.8737             
 2018-08-22_19:49:58      -12.6175            -7.9308             -13.1485            -13.5365            -12.8403            -7.6264             
 2018-08-22_19:50:15      -12.4825            -7.695              -13.0089            -13.3705            -12.6251            -7.5674             
 2018-08-22_19:50:32      -12.3409            -7.7099             -12.8654            -13.2427            -12.4866            -7.4972             
 2018-08-22_19:50:48      -12.2032            -7.3715             -12.7838            -13.1226            -12.3962            -7.4068             
 2018-08-22_19:51:05      -12.104             -7.4684             -12.7182            -13.0733            -12.3741            -7.3604             
 2018-08-22_19:51:22      -12.1231            -7.4387             -12.7289            -13.0836            -12.3932            -7.4687             
 2018-08-22_19:51:39      -12.175             -7.6534             -12.7907            -13.1523            -12.5206            -7.5679             
 2018-08-22_19:51:55      -12.3051            -7.7187             -12.9246            -13.2889            -12.6144            -7.7062             
 2018-08-22_19:52:12      -12.468             -7.959              -13.0188            -13.4445            -12.8105            -7.7955             
 2018-08-22_19:52:29      -12.6102            -8.1104             -13.2248            -13.5983            -13.0432            -8.0852             
 2018-08-22_19:52:46      -12.8185            -8.3389             -13.3831            -13.7825            -13.2015            -8.1121             
 2018-08-22_19:53:02      -12.8738            -8.3286             -13.4716            -13.8306            -13.2202            -8.0884             
 2018-08-22_19:53:19      -12.8891            -8.2203             -13.3835            -13.7608            -13.0478            -7.9101             
 2018-08-22_19:53:36      -12.709             -7.9041             -13.2233            -13.6139            -12.8845            -7.7942             
 2018-08-22_19:53:53      -12.5786            -7.774              -13.0856            -13.4361            -12.7045            -7.6322             
 2018-08-22_19:54:09      -12.4058            -7.7679             -12.9475            -13.3091            -12.5671            -7.4864             
 2018-08-22_19:54:26      -12.2814            -7.4741             -12.8357            -13.1847            -12.4203            -7.4304             
 2018-08-22_19:54:43      -12.1971            -7.5523             -12.7171            -13.1207            -12.4268            -7.4209             
 2018-08-22_19:55:00      -12.1574            -7.4455             -12.722             -13.1062            -12.3924            -7.3961             
 2018-08-22_19:55:16      -12.1731            -7.6397             -12.7735            -13.1428            -12.4176            -7.4507             
 2018-08-22_19:55:33      -12.2086            -7.6614             -12.7853            -13.1783            -12.4687            -7.5494             
 2018-08-22_19:55:50      -12.2726            -7.5974             -12.8601            -13.2523            -12.5656            -7.567              
 2018-08-22_19:56:07      -12.339             -7.8041             -12.9845            -13.3415            -12.7392            -7.7342             
 2018-08-22_19:56:23      -12.5011            -7.9407             -13.1035            -13.4838            -12.867             -7.8677             
 2018-08-22_19:56:40      -12.6648            -8.2294             -13.2401            -13.6475            -13.0268            -8.0166             
 2018-08-22_19:56:57      -12.8052            -8.3824             -13.4098            -13.8123            -13.2568            -8.1589             
 2018-08-22_19:57:14      -12.9509            -8.4625             -13.4956            -13.8485            -13.2584            -8.0694             
 2018-08-22_19:57:30      -12.87              -8.1833             -13.3991            -13.7638            -13.1264            -7.9553             
 2018-08-22_19:57:47      -12.7499            -7.9937             -13.2553            -13.6337            -12.9204            -7.8247             
 2018-08-22_19:58:04      -12.529             -7.8491             -13.081             -13.4411            -12.6587            -7.6311             
 2018-08-22_19:58:21      -12.3535            -7.6195             -12.9021            -13.2889            -12.5221            -7.4924             
 2018-08-22_19:58:37      -12.2452            -7.4924             -12.8113            -13.1866            -12.4435            -7.5                
 2018-08-22_19:58:54      -12.1811            -7.4715             -12.7594            -13.1142            -12.4153            -7.3913             
 2018-08-22_19:59:11      -12.1181            -7.5207             -12.6999            -13.0775            -12.4023            -7.404              
 2018-08-22_19:59:28      -12.1845            -7.5474             -12.7472            -13.1302            -12.4062            -7.452              
 2018-08-22_19:59:44      -12.2169            -7.7415             -12.7853            -13.1775            -12.4149            -7.526              
 2018-08-22_20:00:01      -12.294             -7.7629             -12.9047            -13.2759            -12.5523            -7.577              
 2018-08-22_20:00:18      -12.3974            -7.7522             -12.9642            -13.3354            -12.6602            -7.744              
 2018-08-22_20:00:35      -12.4535            -7.9041             -13.1004            -13.4697            -12.8429            -7.8173             
 2018-08-22_20:00:51      -12.6553            -8.1245             -13.2832            -13.6436            -13.0573            -7.9937             
 2018-08-22_20:01:08      -12.7758            -8.3267             -13.4071            -13.7775            -13.2015            -8.1623             
 2018-08-22_20:01:25      -12.8975            -8.3717             -13.475             -13.8626            -13.2328            -8.1198             
 2018-08-22_20:01:42      -12.9349            -8.3061             -13.4941            -13.8084            -13.1248            -7.9641             
 2018-08-22_20:01:58      -12.8178            -8.0624             -13.2973            -13.6635            -12.9234            -7.8355             
 2018-08-22_20:02:15      -12.616             -7.9185             -13.1332            -13.4972            -12.7296            -7.6501             
 2018-08-22_20:02:32      -12.4252            -7.6202             -12.9593            -13.3186            -12.5397            -7.4832             
 2018-08-22_20:02:49      -12.2799            -7.5455             -12.8128            -13.1737            -12.4329            -7.401              
 2018-08-22_20:03:05      -12.1838            -7.5005             -12.7411            -13.1187            -12.4146            -7.4092             
 2018-08-22_20:03:22      -12.1483            -7.4783             -12.7048            -13.0741            -12.3486            -7.4208             
 2018-08-22_20:03:39      -12.138             -7.5043             -12.7209            -13.0974            -12.4023            -7.4745             
 2018-08-22_20:03:56      -12.1655            -7.5253             -12.7609            -13.1126            -12.4329            -7.4481             
 2018-08-22_20:04:12      -12.2032            -7.5775             -12.796             -13.1683            -12.4931            -7.5158             
 2018-08-22_20:04:29      -12.3604            -7.8732             -12.9356            -13.3102            -12.6553            -7.6465             
 2018-08-22_20:04:46      -12.4767            -7.8369             -13.0646            -13.4205            -12.8075            -7.8332             
 2018-08-22_20:05:03      -12.5847            -8.1806             -13.1561            -13.5483            -12.9448            -7.9505             
 2018-08-22_20:05:19      -12.7537            -8.2634             -13.3724            -13.736             -13.1348            -8.1451             
 2018-08-22_20:05:36      -12.8902            -8.4045             -13.4819            -13.8374            -13.2298            -8.0935             
 2018-08-22_20:05:53      -12.9265            -8.3794             -13.4716            -13.8206            -13.1317            -8.0564             
 2018-08-22_20:06:10      -12.7884            -8.0818             -13.3438            -13.6898            -12.9948            -7.9069             
 2018-08-22_20:06:27      -12.6369            -7.8766             -13.1641            -13.5326            -12.767             -7.6823             
 2018-08-22_20:06:43      -12.4477            -7.7534             -12.9398            -13.3442            -12.5511            -7.5868             
 2018-08-22_20:07:00      -12.2475            -7.4974             -12.7998            -13.1638            -12.4115            -7.369              
 2018-08-22_20:07:17      -12.1613            -7.5325             -12.7129            -13.1023            -12.3634            -7.4837             
 2018-08-22_20:07:34      -12.1376            -7.6057             -12.6999            -13.0844            -12.3863            -7.4401             
 2018-08-22_20:07:50      -12.1521            -7.5119             -12.7499            -13.0707            -12.3535            -7.4051             
 2018-08-22_20:08:07      -12.1323            -7.4898             -12.944             -13.4285            -13.2751            -9.0449             
 2018-08-22_20:08:24      -13.8763            -10.3035            -14.7755            -15.0238            -15.1436            -9.963              
 2018-08-22_20:08:41      -15.2145            -11.6287            -15.7272            -15.9252            -16.0965            -10.29              
 2018-08-22_20:08:57      -15.7715            -12.2002            -16.0374            -16.1964            -16.3589            -10.2009            
 2018-08-22_20:09:14      -15.789             -12.2471            -15.8855            -16.0187            -16.1575            -9.7008             
 2018-08-22_20:09:31      -15.4301            -11.9152            -15.4015            -15.5128            -15.6349            -9.0674             
 2018-08-22_20:09:48      -14.7694            -11.2812            -14.6484            -14.753             -14.8445            -8.145              
 2018-08-22_20:10:04      -13.9286            -10.4889            -13.7409            -13.8363            -13.905             -7.1434             
 2018-08-22_20:10:21      -12.9478            -9.5612             -12.7209            -12.8017            -12.8479            -6.0196             
 2018-08-22_20:10:38      -11.8851            -8.5358             -11.6119            -11.6898            -11.7294            -4.9236             
 2018-08-22_20:10:55      -10.7437            -7.4234             -10.4465            -10.5198            -10.5194            -3.6787             
 2018-08-22_20:11:11      -9.5009             -6.1066             -9.0073             -9.1705             -9.1679             -2.1976             
 2018-08-22_20:11:28      -8.1184             -4.871              -7.7824             -7.8613             -7.7587             -1.0378             
 2018-08-22_20:11:45      -6.8439             -3.6049             -6.4587             -6.5422             -6.4148             0.5587              
 2018-08-22_20:12:02      -5.463              -2.3186             -5.151              -5.2177             -5.1201             1.8136              
 2018-08-22_20:12:18      -4.2061             -1.1078             -3.8246             -3.8963             -3.7766             3.2527              
 2018-08-22_20:12:35      -2.8801             0.1406              -2.4513             -2.5383             -2.4616             4.4629              
 2018-08-22_20:12:52      -0.679              2.741               3.0058              3.4593              4.6435              12.6975             
 2018-08-22_20:13:09      9.6552              11.902              12.9369             13.2918             14.3197             19.9237             
 2018-08-22_20:13:25      17.8238             19.1763             20.2924             20.5592             21.3271             25.668              
 2018-08-22_20:13:42      23.7633             24.4932             25.5887             25.8401             26.3973             29.6134             
 2018-08-22_20:13:59      28.2084             28.5247             29.612              29.7829             30.2282             32.4639             
 2018-08-22_20:14:16      31.5822             31.612              32.6742             32.8002             33.1483             34.4277             
 2018-08-22_20:14:32      34.1284             33.9437             34.9718             35.0543             35.3827             36.1627             
 2018-08-22_20:14:49      36.0444             35.7149             36.6901             36.7386             37.0224             37.4063             
 2018-08-22_20:15:06      37.4574             37.0392             37.9612             37.9833             38.2215             38.2647             
 2018-08-22_20:15:23      38.4928             38.011              38.8858             38.8929             39.1104             38.9101             
 2018-08-22_20:15:39      39.2692             38.7318             39.5736             39.5665             39.7396             39.3661             
 2018-08-22_20:15:56      39.8178             39.2504             40.0742             40.0469             40.2098             39.6833             
 2018-08-22_20:16:13      40.2247             39.6508             40.4376             40.4045             40.5519             39.8683             
 2018-08-22_20:16:30      40.5164             39.9345             40.6907             40.6524             40.7887             40.002              
 2018-08-22_20:16:46      40.7148             40.1278             40.8565             40.8138             40.9393             40.0833             
 2018-08-22_20:17:03      40.8429             40.2568             40.9625             40.9119             41.031              40.1079             
 2018-08-22_20:17:20      40.913              40.3305             41.017              40.9649             41.0749             40.1124             
 2018-08-22_20:17:37      40.9464             40.3704             41.0362             40.9808             41.0808             40.0804             
 2018-08-22_20:17:53      40.9493             40.3719             41.0264             40.9647             41.0662             40.0177             
 2018-08-22_20:18:10      40.9221             40.3668             40.997              40.9306             41.0257             39.9672             
 2018-08-22_20:18:27      40.8803             40.3252             40.9433             40.8815             40.9713             39.8867             
 2018-08-22_20:18:44      40.8267             40.2777             40.8845             40.8198             40.9029             39.8188             
 2018-08-22_20:19:00      40.7611             40.2232             40.8151             40.7491             40.8317             39.7379             
 2018-08-22_20:19:17      40.6862             40.1548             40.7379             40.6698             40.751              39.6502             
 2018-08-22_20:19:34      40.6061             40.0833             40.654              40.5888             40.6655             39.573              
 2018-08-22_20:19:51      40.5237             40.0085             40.569              40.5039             40.5784             39.4925             
 2018-08-22_20:20:07      40.435              39.93               40.4816             40.4127             -999.0              -999.0              
