 TIME                     Farbe_links [C]     Farbe_rechts [C]    Tape_links [C]      Tape_rechts [C]     
=========================================================================================================
 2018-07-30_15:34:49      20.7686             20.718              20.858              20.8014             
 2018-07-30_15:34:59      20.7126             20.6647             20.8069             20.7489             
 2018-07-30_15:35:09      20.6679             20.6178             20.7559             20.7013             
 2018-07-30_15:35:19      20.6225             20.5757             20.717              20.662              
 2018-07-30_15:35:29      20.5836             20.5387             20.6785             20.6259             
 2018-07-30_15:35:39      20.549              20.5044             20.6457             20.5909             
 2018-07-30_15:35:49      20.5138             20.466              20.608              20.5522             
 2018-07-30_15:35:59      20.4759             20.4306             20.5693             20.5147             
 2018-07-30_15:36:09      20.4342             20.3906             20.531              20.4775             
 2018-07-30_15:36:19      20.401              20.3548             20.4961             20.4386             
 2018-07-30_15:36:29      20.3661             20.3235             20.4621             20.4057             
 2018-07-30_15:36:39      20.3393             20.2926             20.4341             20.3773             
 2018-07-30_15:36:49      20.3133             20.265              20.4084             20.3514             
 2018-07-30_15:36:59      20.2902             20.2427             20.386              20.3308             
 2018-07-30_15:37:09      20.2735             20.2286             20.3706             20.3171             
 2018-07-30_15:37:19      20.2605             20.2129             20.3537             20.3008             
 2018-07-30_15:37:29      20.2458             20.2016             20.3462             20.2897             
 2018-07-30_15:37:39      20.2381             20.1964             20.3363             20.282              
 2018-07-30_15:37:49      20.2331             20.1914             20.3309             20.2775             
 2018-07-30_15:37:59      20.2323             20.1868             20.329              20.2739             
 2018-07-30_15:38:09      20.2284             20.1861             20.3287             20.2736             
 2018-07-30_15:38:19      20.2252             20.1804             20.3232             20.2655             
 2018-07-30_15:38:29      20.2171             20.175              20.3153             20.2642             
 2018-07-30_15:38:39      20.213              20.1691             20.3097             20.2558             
 2018-07-30_15:38:49      20.209              20.1643             20.3078             20.2503             
 2018-07-30_15:38:59      20.2036             20.1568             20.3019             20.2474             
 2018-07-30_15:39:09      20.202              20.1603             20.3022             20.2443             
 2018-07-30_15:39:19      20.2042             20.1592             20.2985             20.2447             
 2018-07-30_15:39:29      20.2041             20.1577             20.3032             20.2447             
 2018-07-30_15:39:39      20.2057             20.1633             20.304              20.2483             
 2018-07-30_15:39:49      20.2114             20.1632             20.3061             20.2523             
 2018-07-30_15:39:59      20.2084             20.1633             20.3078             20.2508             
 2018-07-30_15:40:09      20.2066             20.1605             20.3059             20.2498             
 2018-07-30_15:40:19      20.2043             20.1571             20.3026             20.2463             
 2018-07-30_15:40:29      20.1998             20.1576             20.2999             20.2462             
 2018-07-30_15:40:39      20.2002             20.1543             20.3003             20.2413             
 2018-07-30_15:40:49      20.2014             20.1543             20.3021             20.243              
 2018-07-30_15:40:59      20.2026             20.1565             20.301              20.2445             
 2018-07-30_15:41:09      20.2085             20.1598             20.3064             20.2478             
 2018-07-30_15:41:19      20.2127             20.1675             20.3133             20.2539             
 2018-07-30_15:41:29      20.215              20.167              20.3131             20.2568             
 2018-07-30_15:41:39      20.2179             20.1698             20.3162             20.2583             
 2018-07-30_15:41:49      20.2144             20.1701             20.3118             20.2556             
 2018-07-30_15:41:59      20.2132             20.1683             20.3127             20.2586             
 2018-07-30_15:42:09      20.2151             20.1709             20.3127             20.2545             
 2018-07-30_15:42:19      20.2164             20.1684             20.3143             20.2564             
 2018-07-30_15:42:29      20.2219             20.1731             20.3178             20.2632             
 2018-07-30_15:42:39      20.2225             20.1787             20.3243             20.267              
 2018-07-30_15:42:49      20.2275             20.1817             20.331              20.2713             
 2018-07-30_15:42:59      20.2352             20.1912             20.3347             20.2778             
 2018-07-30_15:43:09      20.242              20.1957             20.3401             20.2808             
 2018-07-30_15:43:19      20.242              20.1978             20.3408             20.2811             
 2018-07-30_15:43:29      20.2415             20.1986             20.3425             20.2858             
 2018-07-30_15:43:39      20.2409             20.1972             20.3399             20.2811             
 2018-07-30_15:43:49      20.2412             20.1941             20.339              20.2821             
 2018-07-30_15:43:59      20.2408             20.1953             20.3412             20.2817             
 2018-07-30_15:44:09      20.2469             20.1977             20.344              20.2834             
 2018-07-30_15:44:19      20.2493             20.2024             20.348              20.2899             
 2018-07-30_15:44:29      20.2525             20.2085             20.3532             20.2973             
 2018-07-30_15:44:39      20.2604             20.2131             20.3591             20.2963             
 2018-07-30_15:44:49      20.2617             20.2149             20.3604             20.3013             
 2018-07-30_15:44:59      20.2648             20.2179             20.3598             20.3012             
 2018-07-30_15:45:09      20.2626             20.2159             20.3604             20.3011             
 2018-07-30_15:45:19      20.2644             20.2179             20.3627             20.304              
 2018-07-30_15:45:29      20.2697             20.2207             20.3684             20.307              
 2018-07-30_15:45:39      20.2738             20.2251             20.3683             20.3116             
 2018-07-30_15:45:49      20.2739             20.2303             20.3758             20.3131             
 2018-07-30_15:45:59      20.2826             20.2333             20.3794             20.3204             
 2018-07-30_15:46:09      20.2821             20.2345             20.3835             20.3236             
 2018-07-30_15:46:19      20.286              20.2374             20.3853             20.3222             
 2018-07-30_15:46:29      20.2862             20.2388             20.3829             20.3263             
 2018-07-30_15:46:39      20.2885             20.2407             20.3855             20.3273             
 2018-07-30_15:46:49      20.2892             20.2423             20.3885             20.3288             
 2018-07-30_15:46:59      20.2945             20.2497             20.3909             20.335              
 2018-07-30_15:47:09      20.2998             20.2512             20.3994             20.3424             
 2018-07-30_15:47:19      20.3087             20.2627             20.4077             20.3468             
 2018-07-30_15:47:29      20.315              20.2686             20.4114             20.357              
 2018-07-30_15:47:39      20.3216             20.2745             20.421              20.3618             
 2018-07-30_15:47:49      20.3213             20.2738             20.42               20.362              
 2018-07-30_15:47:59      20.326              20.2728             20.4226             20.3603             
 2018-07-30_15:48:09      20.3228             20.2762             20.4199             20.363              
 2018-07-30_15:48:19      20.3222             20.276              20.4231             20.3615             
 2018-07-30_15:48:29      20.3229             20.2819             20.4225             20.3626             
 2018-07-30_15:48:39      20.3287             20.2813             20.4297             20.3677             
 2018-07-30_15:48:49      20.3352             20.2875             20.4325             20.3711             
 2018-07-30_15:48:59      20.3415             20.2923             20.44               20.3785             
 2018-07-30_15:49:09      20.3456             20.2954             20.4449             20.3846             
 2018-07-30_15:49:19      20.3488             20.3005             20.4456             20.3855             
 2018-07-30_15:49:29      20.3491             20.3025             20.4464             20.3851             
 2018-07-30_15:49:39      20.3493             20.3008             20.4488             20.388              
 2018-07-30_15:49:49      20.3505             20.3035             20.4469             20.3884             
 2018-07-30_15:49:59      20.3513             20.3058             20.4498             20.3898             
 2018-07-30_15:50:09      20.3544             20.3093             20.4546             20.3942             
 2018-07-30_15:50:19      20.3613             20.3153             20.4574             20.4                
 2018-07-30_15:50:29      20.368              20.3194             20.4631             20.4057             
 2018-07-30_15:50:39      20.3717             20.3276             20.474              20.4141             
 2018-07-30_15:50:49      20.3804             20.3351             20.4811             20.4208             
 2018-07-30_15:50:59      20.3885             20.3385             20.4871             20.4242             
 2018-07-30_15:51:09      20.3897             20.3436             20.4891             20.4288             
 2018-07-30_15:51:19      20.3931             20.3426             20.4908             20.4304             
 2018-07-30_15:51:29      20.3903             20.3436             20.4898             20.4295             
 2018-07-30_15:51:39      20.3962             20.3468             20.4914             20.4292             
 2018-07-30_15:51:49      20.3982             20.3488             20.4956             20.4351             
 2018-07-30_15:51:59      20.4011             20.3576             20.4997             20.441              
 2018-07-30_15:52:09      20.4081             20.3625             20.5065             20.4488             
 2018-07-30_15:52:19      20.4129             20.3669             20.5133             20.4517             
 2018-07-30_15:52:29      20.4174             20.3712             20.5139             20.4534             
 2018-07-30_15:52:39      20.4178             20.3678             20.5155             20.4545             
 2018-07-30_15:52:49      20.4158             20.368              20.5123             20.4509             
 2018-07-30_15:52:59      20.414              20.3631             20.5136             20.4517             
 2018-07-30_15:53:09      20.4155             20.3677             20.5101             20.4497             
 2018-07-30_15:53:19      20.4163             20.3677             20.5135             20.4518             
 2018-07-30_15:53:29      20.4177             20.3719             20.5169             20.4579             
 2018-07-30_15:53:39      20.4236             20.3755             20.5209             20.4598             
 2018-07-30_15:53:49      20.4289             20.3809             20.5282             20.4682             
 2018-07-30_15:53:59      20.4366             20.3884             20.5329             20.4759             
 2018-07-30_15:54:09      20.4372             20.393              20.5361             20.4751             
 2018-07-30_15:54:19      20.4385             20.3903             20.5374             20.4783             
 2018-07-30_15:54:29      20.4356             20.3921             20.5336             20.4763             
 2018-07-30_15:54:39      20.4371             20.3889             20.5365             20.4734             
 2018-07-30_15:54:49      20.4354             20.3897             20.5322             20.4759             
 2018-07-30_15:54:59      20.4344             20.3903             20.5313             20.474              
 2018-07-30_15:55:09      20.4387             20.3913             20.5371             20.4751             
 2018-07-30_15:55:19      20.4408             20.3955             20.5399             20.4807             
 2018-07-30_15:55:29      20.4453             20.4008             20.5462             20.4852             
 2018-07-30_15:55:39      20.4473             20.4031             20.5474             20.4885             
 2018-07-30_15:55:49      20.4519             20.4039             20.5507             20.4886             
 2018-07-30_15:55:59      20.4498             20.4051             20.5497             20.4911             
 2018-07-30_15:56:09      20.4479             20.4003             20.5454             20.488              
 2018-07-30_15:56:19      20.4352             20.3925             20.5336             20.473              
 2018-07-30_15:56:29      20.4121             20.362              20.5095             20.4443             
 2018-07-30_15:56:39      20.3715             20.3186             20.4646             20.4025             
 2018-07-30_15:56:49      20.3173             20.2603             20.409              20.3407             
 2018-07-30_15:56:59      20.2486             20.1881             20.3384             20.2715             
 2018-07-30_15:57:09      20.1692             20.1085             20.2577             20.1836             
 2018-07-30_15:57:19      20.0825             20.0162             20.1672             20.0971             
 2018-07-30_15:57:29      19.9876             19.9232             20.0702             20.0001             
 2018-07-30_15:57:39      19.8847             19.8167             19.9675             19.895              
 2018-07-30_15:57:49      19.7754             19.7135             19.8602             19.7884             
 2018-07-30_15:57:59      19.6668             19.6036             19.7513             19.6777             
 2018-07-30_15:58:09      19.5534             19.4875             19.638              19.5648             
 2018-07-30_15:58:19      19.4405             19.3769             19.5236             19.4502             
 2018-07-30_15:58:29      19.3265             19.2605             19.4082             19.3337             
 2018-07-30_15:58:39      19.2064             19.1412             19.2896             19.2156             
 2018-07-30_15:58:49      19.0869             19.0216             19.1704             19.0948             
 2018-07-30_15:58:59      18.9705             18.9011             19.0547             18.9762             
 2018-07-30_15:59:09      18.8534             18.7821             18.9336             18.8556             
 2018-07-30_15:59:19      18.7328             18.6675             18.819              18.739              
 2018-07-30_15:59:29      18.6183             18.5558             18.7049             18.6275             
 2018-07-30_15:59:39      18.517              18.4496             18.6044             18.5244             
 2018-07-30_15:59:49      18.4238             18.36               18.512              18.4338             
 2018-07-30_15:59:59      18.3401             18.2771             18.4257             18.3532             
 2018-07-30_16:00:09      18.2625             18.2044             18.3496             18.2755             
 2018-07-30_16:00:19      18.189              18.1281             18.2778             18.2034             
 2018-07-30_16:00:29      18.1213             18.06               18.2084             18.1365             
 2018-07-30_16:00:39      18.0589             17.9998             18.1502             18.0751             
 2018-07-30_16:00:49      17.9993             17.9462             18.0963             18.0226             
 2018-07-30_16:00:59      17.9575             17.8952             18.0522             17.9734             
 2018-07-30_16:01:09      17.9174             17.86               18.0113             17.94               
 2018-07-30_16:01:19      17.8822             17.8255             17.9774             17.9043             
 2018-07-30_16:01:29      17.8515             17.7895             17.9463             17.8677             
 2018-07-30_16:01:39      17.8126             17.7556             17.9063             17.836              
 2018-07-30_16:01:49      17.7796             17.723              17.8761             17.8024             
 2018-07-30_16:01:59      17.7503             17.6969             17.843              17.774              
 2018-07-30_16:02:09      17.7236             17.6705             17.8221             17.7493             
 2018-07-30_16:02:19      17.7053             17.6492             17.8032             17.7332             
 2018-07-30_16:02:29      17.6895             17.6362             17.7899             17.7175             
 2018-07-30_16:02:39      17.6787             17.6279             17.7788             17.7068             
 2018-07-30_16:02:49      17.6743             17.621              17.7761             17.6982             
 2018-07-30_16:02:59      17.668              17.6166             17.766              17.6935             
 2018-07-30_16:03:09      17.6604             17.6074             17.7573             17.6885             
 2018-07-30_16:03:19      17.6526             17.5979             17.7492             17.6764             
 2018-07-30_16:03:29      17.6436             17.5923             17.7421             17.6708             
 2018-07-30_16:03:39      17.6357             17.5876             17.7361             17.6658             
 2018-07-30_16:03:49      17.6333             17.581              17.732              17.6621             
 2018-07-30_16:03:59      17.6636             17.6189             17.7726             17.7021             
 2018-07-30_16:04:09      17.6912             17.643              17.7989             17.7218             
 2018-07-30_16:04:19      17.7031             17.6522             17.8069             17.7325             
 2018-07-30_16:04:29      17.7063             17.6525             17.8049             17.7318             
 2018-07-30_16:04:39      17.7052             17.6523             17.8077             17.728              
 2018-07-30_16:04:49      17.702              17.652              17.807              17.7275             
 2018-07-30_16:04:59      17.7045             17.6485             17.8069             17.7291             
 2018-07-30_16:05:09      17.707              17.6562             17.8085             17.7315             
 2018-07-30_16:05:19      17.7066             17.6596             17.8118             17.74               
 2018-07-30_16:05:29      17.7148             17.6612             17.8196             17.7395             
 2018-07-30_16:05:39      17.7102             17.6603             17.8151             17.739              
 2018-07-30_16:05:49      17.7109             17.6566             17.8118             17.7332             
 2018-07-30_16:05:59      17.7025             17.6475             17.8067             17.7279             
 2018-07-30_16:06:09      17.6989             17.6479             17.8017             17.7235             
 2018-07-30_16:06:19      17.6988             17.6448             17.8019             17.7246             
 2018-07-30_16:06:29      17.6975             17.6424             17.798              17.7237             
 2018-07-30_16:06:39      17.7002             17.6456             17.8029             17.7249             
 2018-07-30_16:06:49      17.6783             17.6142             17.7704             17.6873             
 2018-07-30_16:06:59      17.6294             17.5618             17.7249             17.6389             
 2018-07-30_16:07:09      17.5914             17.5212             17.6857             17.5962             
 2018-07-30_16:07:19      17.5539             17.4838             17.6519             17.5612             
 2018-07-30_16:07:29      17.523              17.4544             17.6208             17.5291             
 2018-07-30_16:07:39      16.9768             17.4263             16.7926             17.4991             
 2018-07-30_16:07:49      15.5957             16.0488             15.455              15.9392             
 2018-07-30_16:07:59      14.3964             14.6158             14.2954             14.5383             
 2018-07-30_16:08:09      13.3652             13.4609             13.2982             13.4097             
 2018-07-30_16:08:19      12.4988             12.5332             12.4586             12.497              
 2018-07-30_16:08:29      11.7702             11.7748             11.7547             11.7562             
 2018-07-30_16:08:39      11.1613             11.149              11.1576             11.1378             
 2018-07-30_16:08:49      10.6466             10.6309             10.6639             10.6324             
 2018-07-30_16:08:59      10.2134             10.2078             10.2401             10.2106             
 2018-07-30_16:09:09      9.8497              9.851               9.8953              9.8608              
 2018-07-30_16:09:19      9.5447              9.549               9.5943              9.5664              
 2018-07-30_16:09:29      9.2922              9.3011              9.3489              9.3238              
 2018-07-30_16:09:39      9.0709              9.0809              9.133               9.1038              
 2018-07-30_16:09:49      8.8798              8.8885              8.9475              8.9197              
 2018-07-30_16:09:59      8.7143              8.7294              8.7857              8.7574              
 2018-07-30_16:10:09      8.5662              8.5908              8.6467              8.6206              
 2018-07-30_16:10:19      8.4488              8.472               8.528               8.505               
 2018-07-30_16:10:29      8.35                8.3739              8.4277              8.4034              
 2018-07-30_16:10:39      8.2603              8.2917              8.3475              8.3233              
 2018-07-30_16:10:49      8.19                8.2213              8.2756              8.2487              
 2018-07-30_16:10:59      8.1317              8.1587              8.2211              8.194               
 2018-07-30_16:11:09      8.0833              8.1172              8.1767              8.1535              
 2018-07-30_16:11:19      8.0368              8.0723              8.1338              8.1089              
 2018-07-30_16:11:29      7.9976              8.0343              8.0922              8.0663              
 2018-07-30_16:11:39      7.9614              7.9936              8.056               8.0307              
 2018-07-30_16:11:49      7.9266              7.9615              8.0257              7.9986              
 2018-07-30_16:11:59      7.9062              7.9342              7.9986              7.9716              
 2018-07-30_16:12:09      7.8803              7.9177              7.9819              7.9569              
 2018-07-30_16:12:19      7.8669              7.8984              7.9675              7.9436              
 2018-07-30_16:12:29      7.8517              7.8786              7.9511              7.9214              
 2018-07-30_16:12:39      7.8387              7.8646              7.9348              7.906               
 2018-07-30_16:12:49      7.8218              7.8481              7.9194              7.8885              
 2018-07-30_16:12:59      7.8081              7.833               7.9066              7.8716              
 2018-07-30_16:13:09      7.7962              7.8226              7.8958              7.8618              
 2018-07-30_16:13:19      7.7912              7.819               7.8877              7.8524              
 2018-07-30_16:13:29      7.7812              7.8154              7.8822              7.8544              
 2018-07-30_16:13:39      8.9574              9.0657              9.3358              9.2813              
 2018-07-30_16:13:49      10.3324             10.443              10.6625             10.6333             
 2018-07-30_16:13:59      11.4929             11.5934             11.787              11.7602             
 2018-07-30_16:14:09      12.4527             12.5403             12.7115             12.6892             
 2018-07-30_16:14:19      13.2468             13.3166             13.4276             13.442              
 2018-07-30_16:14:29      11.4875             11.3965             11.1602             11.1847             
 2018-07-30_16:14:39      9.4439              9.3101              9.1987              9.142               
 2018-07-30_16:14:49      7.7405              7.6006              7.5687              7.475               
 2018-07-30_16:14:59      6.3644              6.2492              6.2437              6.1533              
 2018-07-30_16:15:09      5.2536              5.1705              5.1696              5.1007              
 2018-07-30_16:15:19      4.3559              4.3046              4.3064              4.2515              
 2018-07-30_16:15:29      3.6225              3.6011              3.5969              3.5559              
 2018-07-30_16:15:39      3.016               3.0095              3.0139              2.982               
 2018-07-30_16:15:49      2.5145              2.5196              2.5331              2.5026              
 2018-07-30_16:15:59      2.1076              2.1306              2.1363              2.1117              
 2018-07-30_16:16:09      1.7635              1.8073              1.8135              1.7899              
 2018-07-30_16:16:19      1.4838              1.5412              1.5422              1.5297              
 2018-07-30_16:16:29      1.2511              1.307               1.3128              1.299               
 2018-07-30_16:16:39      1.0509              1.1261              1.1217              1.1149              
 2018-07-30_16:16:49      0.8829              0.96                0.9577              0.9492              
 2018-07-30_16:16:59      0.734               0.813               0.8163              0.8123              
 2018-07-30_16:17:09      0.6186              0.6891              0.6936              0.6927              
 2018-07-30_16:17:19      0.5156              0.5796              0.5929              0.5877              
 2018-07-30_16:17:29      0.4285              0.5071              0.5153              0.5069              
 2018-07-30_16:17:39      0.3589              0.4366              0.4401              0.4372              
 2018-07-30_16:17:49      0.2984              0.378               0.388               0.3847              
 2018-07-30_16:17:59      0.2431              0.3236              0.3324              0.3308              
 2018-07-30_16:18:09      0.2044              0.2874              0.2958              0.2908              
 2018-07-30_16:18:19      0.1621              0.2414              0.2492              0.2474              
 2018-07-30_16:18:29      0.1248              0.2096              0.2128              0.2173              
 2018-07-30_16:18:39      0.0901              0.1798              0.1815              0.1847              
 2018-07-30_16:18:49      0.0659              0.1667              0.164               0.1685              
 2018-07-30_16:18:59      0.0517              0.1414              0.1439              0.1494              
 2018-07-30_16:19:09      0.031               0.1157              0.1238              0.1224              
 2018-07-30_16:19:19      0.0038              0.1139              0.1028              0.1131              
 2018-07-30_16:19:29      -0.0069             0.0832              0.0887              0.0929              
 2018-07-30_16:19:39      -0.0252             0.0646              0.0755              0.0772              
 2018-07-30_16:19:49      -0.0385             0.0503              0.0639              0.0628              
 2018-07-30_16:19:59      -0.0443             0.0299              0.0518              0.0418              
 2018-07-30_16:20:09      -0.0477             0.0267              0.0454              0.0359              
 2018-07-30_16:20:19      -0.0519             0.0345              0.0431              0.0343              
 2018-07-30_16:20:29      -0.0595             0.015               0.0341              0.0288              
 2018-07-30_16:20:39      -0.0698             0.0122              0.0241              0.0165              
 2018-07-30_16:20:49      -0.0771             0.0044              0.0152              0.0103              
 2018-07-30_16:20:59      -0.0904             0.0081              0.0088              0.011               
 2018-07-30_16:21:09      -0.0916             -0.0069             0.0055              0.0015              
 2018-07-30_16:21:19      -0.0916             -0.0111             0.0091              0.0016              
 2018-07-30_16:21:29      -0.09               -0.0061             0.0127              0.0007              
 2018-07-30_16:21:39      -0.0889             0.0005              0.016               0.0115              
 2018-07-30_16:21:49      -0.0832             0.0067              0.0192              0.0161              
 2018-07-30_16:21:59      -0.0759             0.0103              0.0202              0.013               
 2018-07-30_16:22:09      -0.0782             0.0083              0.0214              0.0168              
 2018-07-30_16:22:19      -0.0771             0.0117              0.019               0.0197              
 2018-07-30_16:22:29      -0.0797             0.0078              0.0206              0.0164              
 2018-07-30_16:22:39      -0.0748             0.0224              0.0276              0.0253              
 2018-07-30_16:22:49      -0.5356             0.0242              -0.6752             0.0333              
 2018-07-30_16:22:59      -1.5789             -0.0519             -1.6579             -0.087              
 2018-07-30_16:23:09      -2.3479             -1.2344             -2.3884             -1.4015             
 2018-07-30_16:23:19      -3.022              -2.3758             -3.0441             -2.4906             
 2018-07-30_16:23:29      -3.627              -3.2242             -3.6266             -3.3203             
 2018-07-30_16:23:39      -4.1344             -3.8681             -4.1122             -3.9375             
 2018-07-30_16:23:49      -4.5509             -4.3556             -4.5135             -4.4132             
 2018-07-30_16:23:59      -4.8904             -4.7413             -4.847              -4.7874             
 2018-07-30_16:24:09      -5.1727             -5.0312             -5.1231             -5.072              
 2018-07-30_16:24:19      -5.4077             -5.2834             -5.3436             -5.3143             
 2018-07-30_16:24:29      -5.5984             -5.4909             -5.5363             -5.5153             
 2018-07-30_16:24:39      -5.759              -5.6496             -5.6931             -5.6816             
 2018-07-30_16:24:49      -5.8914             -5.7785             -5.8159             -5.8075             
 2018-07-30_16:24:59      -6.0036             -5.8914             -5.9265             -5.9124             
 2018-07-30_16:25:09      -6.0867             -5.9868             -6.0112             -6.0013             
 2018-07-30_16:25:19      -6.168              -6.0654             -6.0852             -6.0852             
 2018-07-30_16:25:29      -6.2408             -6.1279             -6.1481             -6.1485             
 2018-07-30_16:25:39      -6.3015             -6.1798             -6.2054             -6.1981             
 2018-07-30_16:25:49      -6.3499             -6.2233             -6.2531             -6.2378             
 2018-07-30_16:25:59      -6.3927             -6.2561             -6.2881             -6.282              
 2018-07-30_16:26:09      -6.4194             -6.2874             -6.3221             -6.3011             
 2018-07-30_16:26:19      -6.4438             -6.3053             -6.3438             -6.3278             
 2018-07-30_16:26:29      -6.4568             -6.3305             -6.3599             -6.3473             
 2018-07-30_16:26:39      -6.4716             -6.3469             -6.3778             -6.3633             
 2018-07-30_16:26:49      -6.4865             -6.3705             -6.385              -6.3705             
 2018-07-30_16:26:59      -6.5048             -6.3808             -6.4018             -6.3938             
 2018-07-30_16:27:09      -6.5075             -6.3976             -6.4106             -6.4056             
 2018-07-30_16:27:19      -6.5216             -6.3995             -6.4156             -6.4178             
 2018-07-30_16:27:29      -6.5262             -6.4171             -6.4232             -6.4262             
 2018-07-30_16:27:39      -6.5308             -6.414              -6.4342             -6.4308             
 2018-07-30_16:27:49      -6.5346             -6.4289             -6.4396             -6.4415             
 2018-07-30_16:27:59      -6.5437             -6.4369             -6.4453             -6.4472             
 2018-07-30_16:28:09      -6.5453             -6.4388             -6.4495             -6.4407             
 2018-07-30_16:28:19      -6.5479             -6.4243             -6.4529             -6.4434             
 2018-07-30_16:28:29      -6.5464             -6.4316             -6.4529             -6.4438             
 2018-07-30_16:28:39      -6.5437             -6.427              -6.4476             -6.44               
 2018-07-30_16:28:49      -6.5441             -6.4178             -6.4419             -6.4308             
 2018-07-30_16:28:59      -6.546              -6.4255             -6.4476             -6.432              
 2018-07-30_16:29:09      -6.5468             -6.4171             -6.4529             -6.4373             
 2018-07-30_16:29:19      -6.5506             -6.4075             -6.448              -6.4354             
 2018-07-30_16:29:29      -6.5483             -6.4072             -6.4461             -6.4316             
 2018-07-30_16:29:39      -6.5479             -6.4228             -6.4491             -6.4369             
 2018-07-30_16:29:49      -6.5384             -6.4232             -6.4426             -6.4388             
 2018-07-30_16:29:59      -6.5468             -6.4262             -6.4415             -6.4438             
 2018-07-30_16:30:09      -6.6441             -6.4301             -6.8813             -6.4461             
 2018-07-30_16:30:19      -7.7309             -6.4972             -7.79               -6.5289             
 2018-07-30_16:30:29      -8.3687             -7.4284             -8.3878             -7.5905             
 2018-07-30_16:30:39      -8.9123             -8.3633             -8.926              -8.493              
 2018-07-30_16:30:49      -9.3998             -9.0523             -9.3925             -9.1488             
 2018-07-30_16:30:59      -9.7954             -9.5577             -9.7717             -9.6375             
 2018-07-30_16:31:09      -10.1154            -9.9617             -10.0807            -10.0239            
 2018-07-30_16:31:19      -10.3806            -10.2535            -10.3291            -10.3073            
 2018-07-30_16:31:29      -10.5946            -10.4816            -10.5282            -10.5324            
 2018-07-30_16:31:39      -10.7628            -10.6499            -10.6934            -10.7033            
 2018-07-30_16:31:49      -10.8959            -10.7849            -10.8246            -10.8273            
 2018-07-30_16:31:59      -11.0088            -10.8997            -10.9253            -10.9344            
 2018-07-30_16:32:09      -11.0916            -10.9726            -11.0016            -11.0062            
 2018-07-30_16:32:19      -11.161             -11.0451            -11.0577            -11.0825            
 2018-07-30_16:32:29      -11.2038            -11.1               -11.116             -11.132             
 2018-07-30_16:32:39      -11.253             -11.1427            -11.1671            -11.1755            
 2018-07-30_16:32:49      -11.2923            -11.1755            -11.2057            -11.2076            
 2018-07-30_16:32:59      -11.3277            -11.2               -11.2366            -11.2431            
 2018-07-30_16:33:09      -11.3605            -11.2385            -11.2625            -11.2724            
 2018-07-30_16:33:19      -11.3766            -11.2541            -11.2831            -11.2923            
 2018-07-30_16:33:29      -11.4044            -11.2797            -11.3098            -11.3148            
 2018-07-30_16:33:39      -11.4204            -11.3045            -11.3197            -11.3358            
 2018-07-30_16:33:49      -11.4357            -11.2949            -11.3335            -11.3392            
 2018-07-30_16:33:59      -11.4445            -11.3182            -11.3464            -11.3434            
 2018-07-30_16:34:09      -11.4449            -11.3117            -11.3495            -11.3434            
 2018-07-30_16:34:19      -11.4517            -11.3022            -11.3468            -11.3472            
 2018-07-30_16:34:29      -11.4471            -11.3274            -11.3556            -11.356             
 2018-07-30_16:34:39      -11.4494            -11.3449            -11.3644            -11.3739            
 2018-07-30_16:34:49      -11.4716            -11.3525            -11.3747            -11.38              
 2018-07-30_16:34:59      -11.48              -11.3686            -11.3712            -11.3914            
 2018-07-30_16:35:09      -11.4807            -11.3605            -11.3716            -11.3911            
 2018-07-30_16:35:19      -11.4792            -11.3602            -11.3705            -11.3861            
 2018-07-30_16:35:29      -11.4681            -11.367             -11.3728            -11.3823            
 2018-07-30_16:35:39      -11.4708            -11.3434            -11.3735            -11.3815            
 2018-07-30_16:35:49      -11.4708            -11.3541            -11.3777            -11.3789            
 2018-07-30_16:35:59      -11.4689            -11.3525            -11.3705            -11.3831            
 2018-07-30_16:36:09      -11.4738            -11.3605            -11.3682            -11.3792            
 2018-07-30_16:36:19      -11.4689            -11.3441            -11.3579            -11.38              
 2018-07-30_16:36:29      -11.6325            -11.3407            -11.7058            -11.3678            
 2018-07-30_16:36:39      -12.4439            -11.9934            -12.4973            -12.1407            
 2018-07-30_16:36:49      -13.0959            -12.7953            -13.1145            -12.9097            
 2018-07-30_16:36:59      -13.6158            -13.398             -13.6063            -13.4933            
 2018-07-30_16:37:09      -14.0186            -13.8451            -13.9771            -13.9194            
 2018-07-30_16:37:19      -14.3196            -14.1777            -14.2677            -14.2349            
 2018-07-30_16:37:29      -14.5557            -14.4196            -14.4886            -14.4783            
 2018-07-30_16:37:39      -14.7366            -14.5836            -14.661             -14.6492            
 2018-07-30_16:37:49      -14.8617            -14.7224            -14.7907            -14.7724            
 2018-07-30_16:37:59      -14.9803            -14.8224            -14.8956            -14.8724            
 2018-07-30_16:38:09      -15.065             -14.9113            -14.9792            -14.9605            
 2018-07-30_16:38:19      -15.1299            -14.9811            -15.0387            -15.0219            
 2018-07-30_16:38:29      -15.1825            -15.0276            -15.0791            -15.0715            
 2018-07-30_16:38:39      -15.2229            -15.07              -15.126             -15.1062            
 2018-07-30_16:38:49      -15.2573            -15.1058            -15.1497            -15.1363            
 2018-07-30_16:38:59      -15.2912            -15.1291            -15.184             -15.1711            
 2018-07-30_16:39:09      -15.3145            -15.1398            -15.2008            -15.1833            
 2018-07-30_16:39:19      -15.3301            -15.1726            -15.2267            -15.2119            
 2018-07-30_16:39:29      -15.3404            -15.1825            -15.2473            -15.2145            
 2018-07-30_16:39:39      -15.3549            -15.1993            -15.2618            -15.2428            
 2018-07-30_16:39:49      -15.3732            -15.2241            -15.2721            -15.2603            
 2018-07-30_16:39:59      -15.3805            -15.2206            -15.284             -15.274             
 2018-07-30_16:40:09      -15.3942            -15.1932            -15.2817            -15.2519            
 2018-07-30_16:40:19      -15.3873            -15.2096            -15.2893            -15.2603            
 2018-07-30_16:40:29      -15.3915            -15.2122            -15.2832            -15.255             
 2018-07-30_16:40:39      -15.3923            -15.2229            -15.2851            -15.2668            
 2018-07-30_16:40:49      -15.3954            -15.2161            -15.2748            -15.2687            
 2018-07-30_16:40:59      -15.395             -15.2245            -15.2779            -15.2649            
 2018-07-30_16:41:09      -15.3976            -15.2142            -15.2889            -15.2657            
 2018-07-30_16:41:19      -15.4011            -15.226             -15.2912            -15.2534            
 2018-07-30_16:41:29      -15.4034            -15.2245            -15.2935            -15.2611            
 2018-07-30_16:41:39      -15.4003            -15.2321            -15.2908            -15.2672            
 2018-07-30_16:41:49      -15.3984            -15.2267            -15.2855            -15.2672            
 2018-07-30_16:41:59      -15.39              -15.2302            -15.2924            -15.2718            
 2018-07-30_16:42:09      -15.3961            -15.2222            -15.2878            -15.2756            
 2018-07-30_16:42:19      -15.4015            -15.2298            -15.2771            -15.2756            
 2018-07-30_16:42:29      -15.3965            -15.2153            -15.287             -15.2565            
 2018-07-30_16:42:39      -15.3938            -15.1985            -15.2885            -15.25              
 2018-07-30_16:42:49      -15.9874            -15.2321            -15.9882            -15.2748            
 2018-07-30_16:42:59      -16.5215            -15.876             -16.5001            -16.0187            
 2018-07-30_16:43:09      -16.9361            -16.5337            -16.8991            -16.658             
 2018-07-30_16:43:19      -17.2691            -16.9899            -17.2188            -17.0753            
 2018-07-30_16:43:29      -17.5205            -17.3042            -17.4644            -17.3805            
 2018-07-30_16:43:39      -17.7055            -17.5148            -17.6208            -17.5804            
 2018-07-30_16:43:49      -17.841             -17.6579            -17.7505            -17.712             
 2018-07-30_16:43:59      -17.9482            -17.7418            -17.8448            -17.8062            
 2018-07-30_16:44:09      -18.0134            -17.8307            -17.9127            -17.8623            
 2018-07-30_16:44:19      -18.055             -17.8806            -17.9581            -17.926             
 2018-07-30_16:44:29      -18.1               -17.9077            -17.9977            -17.9581            
 2018-07-30_16:44:39      -18.1221            -17.9382            -18.021             -17.9863            
 2018-07-30_16:44:49      -18.1435            -17.9619            -18.0447            -18.0004            
 2018-07-30_16:44:59      -18.1534            -17.981             -18.0477            -18.0286            
 2018-07-30_16:45:09      -18.1675            -17.9714            -18.0546            -18.0161            
 2018-07-30_16:45:19      -18.1633            -17.9806            -18.0573            -18.0084            
 2018-07-30_16:45:29      -18.1602            -17.9665            -18.0477            -18.0138            
 2018-07-30_16:45:39      -18.1644            -17.9756            -18.0515            -18.0183            
 2018-07-30_16:45:49      -18.1541            -17.955             -18.0473            -18.0119            
 2018-07-30_16:45:59      -18.1496            -17.9512            -18.0359            -17.9981            
 2018-07-30_16:46:09      -18.1412            -17.9401            -18.0355            -17.9832            
 2018-07-30_16:46:19      -18.1427            -17.9459            -18.0374            -17.9741            
 2018-07-30_16:46:29      -18.1442            -17.9417            -18.0367            -17.9794            
 2018-07-30_16:46:39      -18.1408            -17.9291            -18.0275            -17.9794            
 2018-07-30_16:46:49      -18.1374            -17.9291            -18.0332            -17.9764            
 2018-07-30_16:46:59      -18.124             -17.9253            -18.0233            -17.968             
 2018-07-30_16:47:09      -18.1305            -17.9276            -18.0218            -17.9676            
 2018-07-30_16:47:19      -18.124             -17.9146            -18.0168            -17.955             
 2018-07-30_16:47:29      -18.1259            -17.907             -18.0092            -17.9482            
 2018-07-30_16:47:39      -18.132             -17.9146            -18.0279            -17.9501            
 2018-07-30_16:47:49      -18.124             -17.9218            -18.0279            -17.9577            
 2018-07-30_16:47:59      -18.132             -17.9237            -18.0187            -17.963             
 2018-07-30_16:48:09      -18.1278            -17.9256            -18.026             -17.968             
 2018-07-30_16:48:19      -18.1316            -17.939             -18.0275            -17.9726            
 2018-07-30_16:48:29      -18.1313            -17.9413            -18.034             -17.9909            
 2018-07-30_16:48:39      -18.1389            -17.9451            -18.0336            -17.981             
 2018-07-30_16:48:49      -18.7134            -17.9501            -18.6886            -17.997             
 2018-07-30_16:48:59      -19.0605            -18.5585            -19.0201            -18.6703            
 2018-07-30_16:49:09      -19.3798            -19.0521            -19.3314            -19.1368            
 2018-07-30_16:49:19      -19.6213            -19.376             -19.5648            -19.4378            
 2018-07-30_16:49:29      -19.7899            -19.5732            -19.7159            -19.635             
 2018-07-30_16:49:39      -19.8997            -19.7014            -19.8261            -19.7514            
 2018-07-30_16:49:49      -19.9738            -19.7849            -19.8879            -19.8215            
 2018-07-30_16:49:59      -20.0073            -19.8322            -19.9348            -19.8746            
 2018-07-30_16:50:09      -20.0321            -19.8631            -19.9509            -19.9097            
 2018-07-30_16:50:19      -20.06              -19.8486            -19.9581            -19.9043            
 2018-07-30_16:50:29      -20.0768            -19.8601            -19.968             -19.9081            
 2018-07-30_16:50:39      -20.0737            -19.865             -19.9734            -19.9024            
 2018-07-30_16:50:49      -20.0638            -19.8608            -19.9593            -19.8956            
 2018-07-30_16:50:59      -20.0584            -19.8456            -19.9455            -19.8734            
 2018-07-30_16:51:09      -20.0451            -19.8433            -19.939             -19.8685            
 2018-07-30_16:51:19      -20.042             -19.8349            -19.9394            -19.8692            
 2018-07-30_16:51:29      -20.0439            -19.8372            -19.9436            -19.8528            
 2018-07-30_16:51:39      -20.0348            -19.8044            -19.9181            -19.8471            
 2018-07-30_16:51:49      -20.0054            -19.8166            -19.9112            -19.8437            
 2018-07-30_16:51:59      -20.0169            -19.812             -19.9036            -19.8463            
 2018-07-30_16:52:09      -20.01              -19.8009            -19.9024            -19.8425            
 2018-07-30_16:52:19      -20.0058            -19.791             -19.8856            -19.8326            
 2018-07-30_16:52:29      -20.002             -19.7929            -19.8872            -19.8307            
 2018-07-30_16:52:39      -19.9894            -19.783             -19.8822            -19.8273            
 2018-07-30_16:52:49      -20.1931            -19.7769            -20.1874            -19.8238            
 2018-07-30_16:52:59      -20.594             -20.2316            -20.5513            -20.3197            
 2018-07-30_16:53:09      -20.8641            -20.6032            -20.797             -20.6638            
 2018-07-30_16:53:19      -21.0472            -20.8305            -20.9572            -20.8759            
 2018-07-30_16:53:29      -21.1418            -20.9766            -21.0548            -21.0014            
 2018-07-30_16:53:39      -21.207             -21.0526            -21.1037            -21.0743            
 2018-07-30_16:53:49      -21.2303            -21.0747            -21.1231            -21.1021            
 2018-07-30_16:53:59      -21.2307            -21.0682            -21.1143            -21.1037            
 2018-07-30_16:54:09      -21.2215            -21.048             -21.109             -21.0812            
 2018-07-30_16:54:19      -21.1899            -21.0312            -21.0808            -21.0545            
 2018-07-30_16:54:29      -21.1796            -21.0354            -21.064             -21.0533            
 2018-07-30_16:54:39      -21.1666            -20.9892            -21.0373            -21.048             
 2018-07-30_16:54:49      -21.1311            -20.9675            -21.0083            -20.9957            
 2018-07-30_16:54:59      -21.1071            -20.9274            -20.9873            -20.9713            
 2018-07-30_16:55:09      -21.088             -20.9148            -20.9621            -20.9461            
 2018-07-30_16:55:19      -21.0674            -20.895             -20.9404            -20.9339            
 2018-07-30_16:55:29      -21.0411            -20.8878            -20.916             -20.9221            
 2018-07-30_16:55:39      -21.0236            -20.8702            -20.8992            -20.8961            
 2018-07-30_16:55:49      -21.0033            -20.8431            -20.8836            -20.8683            
 2018-07-30_16:55:59      -20.9877            -20.8298            -20.8679            -20.8599            
 2018-07-30_16:56:09      -20.9873            -20.8374            -20.8672            -20.8565            
 2018-07-30_16:56:19      -20.9713            -20.8046            -20.8496            -20.8214            
 2018-07-30_16:56:29      -20.9656            -20.7733            -20.8435            -20.8008            
 2018-07-30_16:56:39      -20.9476            -20.7733            -20.8397            -20.8054            
 2018-07-30_16:56:49      -20.9511            -20.7565            -20.8275            -20.7863            
 2018-07-30_16:56:59      -20.9358            -20.7611            -20.8267            -20.7802            
 2018-07-30_16:57:09      -20.9785            -20.7573            -20.9545            -20.7787            
 2018-07-30_16:57:19      -21.3181            -20.9358            -21.2482            -21.0289            
 2018-07-30_16:57:29      -21.4996            -21.2833            -21.4069            -21.3173            
 2018-07-30_16:57:39      -21.6164            -21.45              -21.492             -21.4798            
 2018-07-30_16:57:49      -21.666             -21.5305            -21.5382            -21.5542            
 2018-07-30_16:57:59      -21.6743            -21.5405            -21.5508            -21.5553            
 2018-07-30_16:58:09      -21.6476            -21.5218            -21.5134            -21.5332            
 2018-07-30_16:58:19      -21.6175            -21.4989            -21.4775            -21.5027            
 2018-07-30_16:58:29      -21.5679            -21.4649            -21.4348            -21.4653            
 2018-07-30_16:58:39      -21.508             -21.4397            -21.3837            -21.4455            
 2018-07-30_16:58:49      -21.463             -21.3684            -21.3257            -21.3833            
 2018-07-30_16:58:59      -21.4233            -21.3223            -21.2849            -21.3131            
 2018-07-30_16:59:09      -21.3867            -21.2822            -21.236             -21.2898            
 2018-07-30_16:59:19      -21.3425            -21.2425            -21.2029            -21.2551            
 2018-07-30_16:59:29      -21.3024            -21.2059            -21.1628            -21.2135            
 2018-07-30_16:59:39      -21.2753            -21.1723            -21.1342            -21.1895            
 2018-07-30_16:59:49      -21.2433            -21.1491            -21.1082            -21.1433            
 2018-07-30_16:59:59      -21.2265            -21.1361            -21.0922            -21.1308            
 2018-07-30_17:00:09      -21.207             -21.0983            -21.0777            -21.1166            
 2018-07-30_17:00:19      -21.1868            -21.0972            -21.0461            -21.093             
 2018-07-30_17:00:29      -21.1723            -21.0526            -21.035             -21.0762            
 2018-07-30_17:00:39      -21.1639            -21.035             -21.0297            -21.0518            
 2018-07-30_17:00:49      -21.1521            -21.0464            -21.0152            -21.0545            
 2018-07-30_17:00:59      -21.1311            -21.056             -20.9927            -21.0518            
 2018-07-30_17:01:09      -21.1216            -21.0316            -20.9881            -21.0457            
 2018-07-30_17:01:19      -21.1124            -21.0167            -20.9751            -21.0239            
 2018-07-30_17:01:29      -21.1117            -20.9991            -20.9694            -21.0171            
 2018-07-30_17:01:39      -21.1044            -20.9869            -20.9629            -21.0033            
 2018-07-30_17:01:49      -21.0972            -20.9747            -20.9534            -20.9835            
 2018-07-30_17:01:59      -21.0808            -20.9698            -20.9408            -20.9888            
 2018-07-30_17:02:09      -21.0739            -20.977             -20.9358            -20.9808            
 2018-07-30_17:02:19      -21.0705            -20.9763            -20.9385            -20.9778            
 2018-07-30_17:02:29      -21.0533            -20.961             -20.9221            -20.9568            
 2018-07-30_17:02:39      -21.0548            -20.9358            -20.9103            -20.9312            
 2018-07-30_17:02:49      -21.0495            -20.9488            -20.8969            -20.9583            
 2018-07-30_17:02:59      -21.0423            -20.9496            -20.9072            -20.9667            
 2018-07-30_17:03:09      -21.0354            -20.9476            -20.9072            -20.9602            
 2018-07-30_17:03:19      -21.0365            -20.9328            -20.9007            -20.9518            
 2018-07-30_17:03:29      -21.0327            -20.9137            -20.8992            -20.9251            
 2018-07-30_17:03:39      -21.04              -20.9129            -20.8965            -20.9213            
 2018-07-30_17:03:49      -21.0388            -20.9373            -20.8923            -20.9267            
 2018-07-30_17:03:59      -21.0453            -20.9488            -20.9038            -20.9618            
 2018-07-30_17:04:09      -21.0625            -20.9637            -20.9175            -20.9744            
 2018-07-30_17:04:19      -21.0884            -21.0022            -20.9545            -21.0026            
 2018-07-30_17:04:29      -21.1292            -21.0358            -20.9953            -21.0342            
 2018-07-30_17:04:39      -21.1578            -21.0556            -21.0182            -21.0678            
 2018-07-30_17:04:49      -21.1857            -21.0926            -21.0564            -21.0953            
 2018-07-30_17:04:59      -21.212             -21.1304            -21.0819            -21.146             
 2018-07-30_17:05:09      -21.257             -21.1563            -21.1189            -21.1807            
 2018-07-30_17:05:19      -21.2967            -21.1845            -21.1529            -21.2074            
 2018-07-30_17:05:29      -21.3257            -21.2288            -21.1906            -21.2551            
 2018-07-30_17:05:39      -21.3627            -21.2662            -21.2387            -21.2929            
 2018-07-30_17:05:49      -21.3982            -21.3196            -21.2662            -21.3387            
 2018-07-30_17:05:59      -21.4294            -21.3608            -21.3028            -21.3631            
 2018-07-30_17:06:09      -21.4672            -21.3924            -21.3379            -21.3955            
 2018-07-30_17:06:19      -21.508             -21.3947            -21.3676            -21.4111            
 2018-07-30_17:06:29      -21.5424            -21.4439            -21.4149            -21.4474            
 2018-07-30_17:06:39      -21.5694            -21.4867            -21.45              -21.4874            
 2018-07-30_17:06:49      -21.6064            -21.5092            -21.4622            -21.524             
 2018-07-30_17:06:59      -21.6354            -21.5332            -21.4966            -21.5523            
 2018-07-30_17:07:09      -21.6743            -21.5607            -21.5412            -21.5668            
 2018-07-30_17:07:19      -21.7041            -21.5973            -21.5733            -21.6007            
 2018-07-30_17:07:29      -21.7426            -21.6446            -21.6049            -21.6553            
 2018-07-30_17:07:39      -21.7777            -21.6633            -21.6339            -21.6812            
 2018-07-30_17:07:49      -21.8067            -21.7133            -21.6694            -21.714             
 2018-07-30_17:07:59      -21.8376            -21.7289            -21.6896            -21.7449            
 2018-07-30_17:08:09      -21.8678            -21.7518            -21.7205            -21.769             
 2018-07-30_17:08:19      -21.9036            -21.7911            -21.7533            -21.8006            
 2018-07-30_17:08:29      -21.9269            -21.825             -21.7827            -21.8399            
 2018-07-30_17:08:39      -21.9475            -21.859             -21.8071            -21.8517            
 2018-07-30_17:08:49      -21.9685            -21.8925            -21.8323            -21.8903            
 2018-07-30_17:08:59      -22.0058            -21.9067            -21.8609            -21.92              
 2018-07-30_17:09:09      -22.0409            -21.9547            -21.8987            -21.9635            
 2018-07-30_17:09:19      -22.0818            -21.9872            -21.9292            -21.9891            
 2018-07-30_17:09:29      -22.097             -22.015             -21.9677            -22.0367            
 2018-07-30_17:09:39      -22.1283            -22.0509            -21.9883            -22.047             
 2018-07-30_17:09:49      -22.1588            -22.0692            -22.0127            -22.0741            
 2018-07-30_17:09:59      -22.1809            -22.1046            -22.0436            -22.1107            
 2018-07-30_17:10:09      -22.2164            -22.1172            -22.0734            -22.1291            
 2018-07-30_17:10:19      -22.2458            -22.1622            -22.1092            -22.1733            
 2018-07-30_17:10:29      -22.2771            -22.2099            -22.1451            -22.2061            
 2018-07-30_17:10:39      -22.3106            -22.2313            -22.1779            -22.2523            
 2018-07-30_17:10:49      -22.3618            -22.2649            -22.2038            -22.2664            
 2018-07-30_17:10:59      -22.3961            -22.2618            -22.2477            -22.2881            
 2018-07-30_17:11:09      -22.4155            -22.3137            -22.2725            -22.3213            
 2018-07-30_17:11:19      -22.4461            -22.348             -22.3053            -22.3495            
 2018-07-30_17:11:29      -22.4796            -22.3907            -22.3373            -22.4068            
 2018-07-30_17:11:39      -22.5029            -22.4396            -22.3648            -22.4468            
 2018-07-30_17:11:49      -22.5502            -22.4621            -22.4022            -22.4747            
 2018-07-30_17:11:59      -22.5731            -22.4838            -22.4316            -22.4915            
 2018-07-30_17:12:09      -22.5983            -22.506             -22.4655            -22.5178            
 2018-07-30_17:12:19      -22.6292            -22.522             -22.4953            -22.5311            
 2018-07-30_17:12:29      -22.6612            -22.5555            -22.5197            -22.578             
 2018-07-30_17:12:39      -22.6814            -22.6074            -22.5578            -22.6128            
 2018-07-30_17:12:49      -22.7188            -22.6318            -22.5758            -22.6532            
 2018-07-30_17:12:59      -22.7558            -22.6658            -22.6067            -22.6898            
 2018-07-30_17:13:09      -22.7806            -22.7028            -22.6372            -22.7032            
 2018-07-30_17:13:19      -22.8065            -22.7173            -22.6704            -22.7383            
 2018-07-30_17:13:29      -22.8344            -22.7501            -22.6925            -22.7695            
 2018-07-30_17:13:39      -22.8699            -22.7795            -22.7222            -22.7863            
 2018-07-30_17:13:49      -22.8973            -22.7997            -22.744             -22.8127            
 2018-07-30_17:13:59      -22.9111            -22.834             -22.7654            -22.8561            
 2018-07-30_17:14:09      -22.9401            -22.8638            -22.805             -22.8775            
 2018-07-30_17:14:19      -22.9633            -22.8809            -22.8149            -22.8786            
 2018-07-30_17:14:29      -22.9927            -22.9031            -22.8416            -22.908             
 2018-07-30_17:14:39      -23.011             -22.921             -22.8653            -22.9427            
 2018-07-30_17:14:49      -23.0515            -22.9515            -22.8878            -22.9752            
 2018-07-30_17:14:59      -23.0743            -22.9832            -22.9118            -22.9858            
 2018-07-30_17:15:09      -23.0988            -22.9969            -22.9515            -23.011             
 2018-07-30_17:15:19      -23.1308            -23.0175            -22.982             -23.0267            
 2018-07-30_17:15:29      -23.1506            -23.0602            -23.003             -23.0751            
 2018-07-30_17:15:39      -23.1705            -23.0736            -23.0225            -23.0911            
 2018-07-30_17:15:49      -23.185             -23.0972            -23.0385            -23.1144            
 2018-07-30_17:15:59      -23.2159            -23.1121            -23.056             -23.1247            
 2018-07-30_17:16:09      -23.23              -23.1552            -23.0785            -23.1575            
 2018-07-30_17:16:19      -23.2609            -23.1827            -23.1102            -23.185             
 2018-07-30_17:16:29      -23.2826            -23.2105            -23.1247            -23.2086            
 2018-07-30_17:16:39      -23.3086            -23.2262            -23.1644            -23.2296            
 2018-07-30_17:16:49      -23.3376            -23.2609            -23.1842            -23.2662            
 2018-07-30_17:16:59      -23.3513            -23.278             -23.2128            -23.2933            
 2018-07-30_17:17:09      -23.3887            -23.3002            -23.2292            -23.3013            
 2018-07-30_17:17:19      -23.3963            -23.3215            -23.2513            -23.3227            
 2018-07-30_17:17:29      -23.4203            -23.3562            -23.2719            -23.3673            
 2018-07-30_17:17:39      -23.4398            -23.365             -23.2979            -23.3845            
 2018-07-30_17:17:49      -23.4753            -23.3841            -23.3246            -23.4093            
 2018-07-30_17:17:59      -23.5081            -23.4169            -23.3524            -23.4364            
 2018-07-30_17:18:09      -23.5245            -23.4417            -23.3673            -23.4505            
 2018-07-30_17:18:19      -23.534             -23.4596            -23.391             -23.4699            
 2018-07-30_17:18:29      -23.5603            -23.4646            -23.4116            -23.4833            
 2018-07-30_17:18:39      -23.5863            -23.4856            -23.4276            -23.4928            
 2018-07-30_17:18:49      -23.6061            -23.5062            -23.4402            -23.5046            
 2018-07-30_17:18:59      -23.6069            -23.5138            -23.4535            -23.5134            
 2018-07-30_17:19:09      -23.6111            -23.5176            -23.4535            -23.5199            
 2018-07-30_17:19:19      -23.6137            -23.5176            -23.4573            -23.5401            
 2018-07-30_17:19:29      -23.6374            -23.5363            -23.4795            -23.5462            
 2018-07-30_17:19:39      -23.6511            -23.5466            -23.4829            -23.5477            
 2018-07-30_17:19:49      -23.6553            -23.5489            -23.4955            -23.5809            
 2018-07-30_17:19:59      -23.6473            -23.579             -23.5031            -23.584             
 2018-07-30_17:20:09      -23.6698            -23.5832            -23.5115            -23.5931            
 2018-07-30_17:20:19      -23.6732            -23.6065            -23.5237            -23.6134            
 2018-07-30_17:20:29      -23.679             -23.613             -23.5268            -23.6176            
 2018-07-30_17:20:39      -23.6824            -23.6107            -23.5329            -23.6233            
 2018-07-30_17:20:49      -23.6938            -23.6031            -23.5359            -23.6298            
 2018-07-30_17:20:59      -23.7057            -23.6248            -23.5413            -23.6481            
 2018-07-30_17:21:09      -23.708             -23.6359            -23.5474            -23.6412            
 2018-07-30_17:21:19      -23.7198            -23.6534            -23.5573            -23.6565            
 2018-07-30_17:21:29      -23.7228            -23.6572            -23.5596            -23.6637            
 2018-07-30_17:21:39      -23.7274            -23.6458            -23.6141            -23.6588            
 2018-07-30_17:21:49      -23.9582            -23.8091            -23.8346            -23.8472            
 2018-07-30_17:21:59      -24.057             -23.9616            -23.9174            -23.9826            
 2018-07-30_17:22:09      -24.0837            -24.012             -23.9258            -24.0101            
 2018-07-30_17:22:19      -24.0517            -23.9964            -23.8777            -23.9777            
 2018-07-30_17:22:29      -23.9899            -23.9433            -23.8087            -23.9277            
 2018-07-30_17:22:39      -23.9044            -23.8674            -23.7137            -23.8537            
 2018-07-30_17:22:49      -23.8075            -23.753             -23.6122            -23.7541            
 2018-07-30_17:22:59      -23.7194            -23.6794            -23.5241            -23.6744            
 2018-07-30_17:23:09      -23.629             -23.6061            -23.428             -23.5886            
 2018-07-30_17:23:19      -23.5382            -23.5374            -23.3559            -23.51              
 2018-07-30_17:23:29      -23.4688            -23.4596            -23.2857            -23.4451            
 2018-07-30_17:23:39      -23.4123            -23.3841            -23.2281            -23.3631            
 2018-07-30_17:23:49      -23.3517            -23.3223            -23.1712            -23.3051            
 2018-07-30_17:23:59      -23.3009            -23.2536            -23.1194            -23.2475            
 2018-07-30_17:24:09      -23.2571            -23.2063            -23.074             -23.1941            
 2018-07-30_17:24:19      -23.2128            -23.1834            -23.0251            -23.143             
 2018-07-30_17:24:29      -23.1804            -23.1327            -22.9904            -23.1079            
 2018-07-30_17:24:39      -23.1476            -23.0965            -22.9721            -23.0835            
 2018-07-30_17:24:49      -23.1247            -23.0896            -22.9492            -23.0705            
 2018-07-30_17:24:59      -23.0938            -23.0713            -22.8394            -23.0568            
 2018-07-30_17:25:09      -22.6624            -22.8138            -22.4411            -22.7211            
 2018-07-30_17:25:19      -22.4514            -22.4106            -22.2595            -22.3671            
 2018-07-30_17:25:29      -22.3633            -22.2725            -22.1809            -22.2527            
 2018-07-30_17:25:39      -22.3518            -22.2538            -22.2046            -22.2443            
 2018-07-30_17:25:49      -22.4083            -22.3011            -22.2591            -22.319             
 2018-07-30_17:25:59      -22.4834            -22.3904            -22.3557            -22.4102            
 2018-07-30_17:26:09      -22.5986            -22.4854            -22.4686            -22.5197            
 2018-07-30_17:26:19      -22.7196            -22.604             -22.5727            -22.6273            
 2018-07-30_17:26:29      -22.8245            -22.7051            -22.6883            -22.7219            
 2018-07-30_17:26:39      -22.9122            -22.8165            -22.7917            -22.8466            
 2018-07-30_17:26:49      -22.9954            -22.9122            -22.8867            -22.9393            
 2018-07-30_17:26:59      -23.1003            -23.011             -22.9763            -23.0293            
 2018-07-30_17:27:09      -23.188             -23.0785            -23.053             -23.1091            
 2018-07-30_17:27:19      -23.2498            -23.1636            -23.1236            -23.1873            
 2018-07-30_17:27:29      -23.3112            -23.2094            -23.1823            -23.2277            
 2018-07-30_17:27:39      -23.3574            -23.2693            -23.2227            -23.2819            
 2018-07-30_17:27:49      -23.41              -23.2861            -23.2689            -23.3131            
 2018-07-30_17:27:59      -23.4215            -23.3273            -23.296             -23.3566            
 2018-07-30_17:28:09      -23.4711            -23.3669            -23.3257            -23.3856            
 2018-07-30_17:28:19      -23.5077            -23.4097            -23.362             -23.4261            
 2018-07-30_17:28:29      -23.5439            -23.4348            -23.4058            -23.4566            
 2018-07-30_17:28:39      -23.5676            -23.4673            -23.4154            -23.4848            
 2018-07-30_17:28:49      -23.5947            -23.4711            -23.4432            -23.5001            
 2018-07-30_17:28:59      -23.5977            -23.484             -23.4573            -23.5146            
 2018-07-30_17:29:09      -23.6137            -23.5146            -23.4734            -23.5352            
 2018-07-30_17:29:19      -23.6229            -23.5394            -23.4871            -23.547             
 2018-07-30_17:29:29      -23.6343            -23.5428            -23.4978            -23.5481            
 2018-07-30_17:29:39      -23.6473            -23.5641            -23.513             -23.5764            
 2018-07-30_17:29:49      -23.6649            -23.5676            -23.5199            -23.5973            
 2018-07-30_17:29:59      -23.6702            -23.5863            -23.5275            -23.6019            
 2018-07-30_17:30:09      -23.6744            -23.579             -23.5287            -23.6053            
 2018-07-30_17:30:19      -23.682             -23.5901            -23.5359            -23.6053            
 2018-07-30_17:30:29      -23.6824            -23.6053            -23.542             -23.6164            
 2018-07-30_17:30:39      -23.6916            -23.6023            -23.5428            -23.6221            
 2018-07-30_17:30:49      -23.7038            -23.5897            -23.5523            -23.6187            
 2018-07-30_17:30:59      -23.6908            -23.595             -23.5508            -23.6149            
 2018-07-30_17:31:09      -23.6992            -23.6153            -23.5619            -23.6324            
 2018-07-30_17:31:19      -23.7091            -23.6221            -23.5687            -23.6313            
 2018-07-30_17:31:29      -23.7213            -23.6076            -23.5718            -23.6282            
 2018-07-30_17:31:39      -23.7274            -23.6359            -23.584             -23.65              
 2018-07-30_17:31:49      -23.7373            -23.6469            -23.6015            -23.6599            
 2018-07-30_17:31:59      -23.7385            -23.6473            -23.5981            -23.6679            
 2018-07-30_17:32:09      -23.7465            -23.6408            -23.597             -23.6595            
 2018-07-30_17:32:19      -23.7427            -23.6351            -23.5947            -23.6542            
 2018-07-30_17:32:29      -23.7488            -23.6362            -23.5863            -23.6496            
 2018-07-30_17:32:39      -23.7503            -23.6485            -23.5954            -23.6717            
 2018-07-30_17:32:49      -23.7419            -23.6374            -23.5954            -23.6618            
 2018-07-30_17:32:59      -23.7457            -23.6309            -23.5943            -23.6488            
 2018-07-30_17:33:09      -23.7423            -23.6435            -23.5916            -23.6626            
 2018-07-30_17:33:19      -23.7396            -23.6622            -23.5931            -23.6614            
 2018-07-30_17:33:29      -23.7427            -23.6549            -23.5947            -23.6557            
 2018-07-30_17:33:39      -23.7404            -23.6298            -23.5863            -23.6519            
 2018-07-30_17:33:49      -23.7434            -23.6397            -23.5962            -23.6443            
 2018-07-30_17:33:59      -23.7411            -23.6492            -23.592             -23.6721            
 2018-07-30_17:34:09      -23.7358            -23.6519            -23.5855            -23.6694            
 2018-07-30_17:34:19      -23.7442            -23.6462            -23.5855            -23.6759            
 2018-07-30_17:34:29      -23.7232            -23.7251            -23.5107            -23.6645            
 2018-07-30_17:34:39      -23.4978            -23.4978            -23.3574            -23.4138            
 2018-07-30_17:34:49      -23.0839            -23.7               -23.0808            -23.6382            
 2018-07-30_17:34:59      -22.7146            -23.5737            -22.8058            -23.6206            
 2018-07-30_17:35:09      -18.2335            -18.9911            -17.0769            -18.0889            
 2018-07-30_17:35:19      -12.5801            -12.8544            -11.6692            -12.2269            
 2018-07-30_17:35:29      -7.988              -8.0761             -7.2838             -7.589              
 2018-07-30_17:35:39      -4.3598             -4.3449             -3.7987             -3.9536             
 2018-07-30_17:35:49      -1.429              -1.3657             -0.9727             -1.0567             
 2018-07-30_17:35:59      0.1775              0.1802              0.533               0.3867              
 2018-07-30_17:36:09      1.6408              1.5153              1.9233              1.6832              
 2018-07-30_17:36:19      3.5171              3.4318              3.7853              3.609               
 2018-07-30_17:36:29      5.0568              5.0047              5.3008              5.1732              
 2018-07-30_17:36:39      6.3459              6.3005              6.5582              6.4512              
 2018-07-30_17:36:49      7.4138              7.3804              7.6063              7.516               
 2018-07-30_17:36:59      8.3059              8.2833              8.4814              8.4069              
 2018-07-30_17:37:09      9.0773              9.1077              9.2545              9.2377              
 2018-07-30_17:37:19      9.7458              9.7583              9.8966              9.8734              
 2018-07-30_17:37:29      10.3575             10.3426             10.5202             10.4549             
 2018-07-30_17:37:39      10.9227             10.9049             11.0837             11.0151             
 2018-07-30_17:37:49      11.3505             11.316              11.4706             11.4113             
 2018-07-30_17:37:59      11.6779             11.6423             11.7799             11.7251             
